@v_choice
$Dim[89]
#
%0.00430276,0.00925301,0.0091315,0,0.00938783,0.0128238,0.0129928,0.000977899,0.0230784,0,0,0.0048895,0.00371602,0.00469392,0.0191542,0.0193751,0,0.0039116,0.00254254,0.00919226,0,0.0117348,0,0.00019558,0,0.0242519,0.00958341,0.0150597,0,0.046548,0.22081,0.0189712,0.0131039,0,0.0537845,0.0162331,0.0136906,0,0.0132994,0,0,0,0.00743204,0,0,0.00919226,0.0117348,0,0,0.0575005,0.00234696,0,0.00547624,0,0.00801878,0.00528066,0.00156464,0.00156464,0.013495,0.00285352,0.00281829,0.0164287,0.0453745,0.0043023,0.00547669,0.00176022,0.00136906,0.00312928,0,0.016833,0.00751951,9.50024e-05,0,0.0627811,0,0,0,0.0088011,0.00723646,0.00547624,0,0.0115392,0,0.0297281,0,0,0,0,0.0361823
@j_choice
$Dim[15]
#
%0.0893802,0.0445922,0.0146548,0.0346176,0.0842949,0.0185801,0,0.195189,0.0772541,0.0754947,0.0373984,0.0815132,0.0553492,0.191413,0.000269205
@d_gene
$Dim[15,3]
#[j_choice,0]
%0.734832,0.256821,0.00834647
#[j_choice,1]
%0.808336,0.187189,0.00447514
#[j_choice,2]
%0.666803,0.328385,0.0048124
#[j_choice,3]
%0.790025,0.209425,0.000549693
#[j_choice,4]
%0.818079,0.177531,0.00439059
#[j_choice,5]
%0.755574,0.240468,0.00395825
#[j_choice,6]
%0,0,0
#[j_choice,7]
%0.226908,0.1137,0.659391
#[j_choice,8]
%0.339368,0.214529,0.446104
#[j_choice,9]
%0.277489,0.131625,0.590887
#[j_choice,10]
%0.486518,0.225616,0.287866
#[j_choice,11]
%0.343814,0.173471,0.482716
#[j_choice,12]
%0.31761,0.472724,0.209666
#[j_choice,13]
%0.417969,0.154045,0.427986
#[j_choice,14]
%0.0064028,0.912797,0.0808005
@v_3_del
$Dim[89,21]
#[v_choice,0]
%0,0,0.189766,0.000347775,0.216442,0.0899117,0.109854,0.0940369,0.0992065,0.146421,0.0540145,4.29933e-08,1.83401e-19,3.52295e-23,1.51369e-28,8.3634e-35,3.21258e-38,1.42955e-43,0,0,0
#[v_choice,1]
%0,0,0.00937756,0,0.00220569,0.0888504,0.0613281,0.106587,0.0927148,0.025033,0.231177,0.108693,0.1119,0.019481,0.0873352,0.0446534,3.02051e-06,0,0,0.0106158,4.42431e-05
#[v_choice,2]
%0,0,0.00946717,0,0.00222403,0.0896091,0.0615598,0.106851,0.0926084,0.0248949,0.232052,0.108366,0.111333,0.0191256,0.0870116,0.0442106,2.5365e-07,0,0,0.0106425,4.32157e-05
#[v_choice,3]
%0,0,0,0,0,0,0,0,0,0,0,0,0,0,0,0,0,0,0,0,0
#[v_choice,4]
%0,0,0.0177566,0.0363325,0.0119422,0.0423394,0.124771,0.0929106,0.12386,0.0701539,0.103075,0.202036,0.0571736,0.0878092,0.0298399,2.39183e-10,1.77768e-14,3.42514e-21,2.37302e-28,1.62831e-35,7.80079e-44
#[v_choice,5]
%0,0,0,0.0148145,0.0531295,0.0292001,0.0801228,0.10557,0.162186,0.0845329,0.129719,0.137933,0.0317127,0.0574453,0.0815157,0.0160727,0,0.0160457,0,0,0
#[v_choice,6]
%0,0,0,0.014661,0.0526708,0.0290754,0.0796629,0.105284,0.161701,0.0845591,0.129629,0.138078,0.032174,0.0581316,0.0818527,0.0163428,7.44343e-09,0.0161767,2.59257e-11,4.59871e-20,4.38453e-28
#[v_choice,7]
%0,0,0,0,0,0,0,0.0750259,0.16116,0.763814,7.11158e-08,2.00116e-14,2.6253e-22,4.15112e-30,5.4294e-37,1.02108e-45,0,0,0,0,0
#[v_choice,8]
%0,0,8.084e-05,0.0434958,0.0486753,0.0459785,0.18393,0.150607,0.0399897,0.349313,0.028894,0.0475826,0.00884171,0.00719675,0.00972066,0.00572646,0.011637,0.00957351,0,0.00875697,4.94003e-10
#[v_choice,9]
%0,0,0,0,0,0,0,0,0,0,0,0,0,0,0,0,0,0,0,0,0
#[v_choice,10]
%0,0,0,0,0,0,0,0,0,0,0,0,0,0,0,0,0,0,0,0,0
#[v_choice,11]
%0,0,0,0,0.0305963,0.0404633,0.0226118,0.110133,0.0626548,0.458079,0.137922,2.81298e-09,0.13754,9.28151e-10,1.5148e-17,1.98612e-26,2.17028e-31,1.01305e-39,0,0,0
#[v_choice,12]
%0.0526308,6.68322e-09,0,0,0,0,0.0273958,0.10605,0.0021217,0.504694,0.0313346,0.109393,0.113748,3.80922e-11,0,0,0,0,0,0.0526313,4.22877e-07
#[v_choice,13]
%0,0,0,0.116629,0.0371493,0.0479904,0.159101,0.0685868,0.168499,0.174444,0.128002,0.0995991,9.78324e-10,7.85457e-20,2.9137e-27,3.25179e-33,1.94776e-42,0,0,0,0
#[v_choice,14]
%0,0.00410518,0.00359664,0.0155767,0,0.0501984,0.0423655,0.151298,0.116738,0.249644,0.181169,0.0939913,0.0437554,0.0254592,0.00209842,0.00595228,0.00896186,0,0,0,0.00508974
#[v_choice,15]
%0,0.00406098,0.00357557,0.0155228,0,0.049914,0.0421599,0.150473,0.116397,0.248857,0.181284,0.0947154,0.0444362,0.0260384,0.0022014,0.00611778,0.0091772,2.07001e-20,0,0,0.00506871
#[v_choice,16]
%0,0,0,0,0,0,0,0,0,0,0,0,0,0,0,0,0,0,0,0,0
#[v_choice,17]
%0,0,0.0479127,0,0.0196704,0.0851868,0.275071,0.115987,0.0652091,0.174078,0.120033,1.60473e-07,0.0396767,0.0571758,6.50418e-12,3.69314e-22,8.95881e-32,7.87176e-40,0,0,0
#[v_choice,18]
%0,0,0,0,0.00280543,0.277903,0.109921,0.254466,0.16909,0.185815,2.53489e-08,2.45565e-20,2.24075e-29,7.69184e-38,5.13758e-45,0,0,0,0,0,0
#[v_choice,19]
%0,0,0,0.0234523,0.0416706,0.281182,2.17698e-07,0.130584,0.33571,0.0546658,0.0635935,0.0240092,0.0232303,0,0.0219011,9.15785e-12,4.33735e-18,4.55325e-28,9.71043e-40,0,0
#[v_choice,20]
%0,0,0,0,0,0,0,0,0,0,0,0,0,0,0,0,0,0,0,0,0
#[v_choice,21]
%0,0,0.0370522,0.110693,0.0620784,0.143358,0.0191333,0.216173,0.0297834,0.186315,0.059556,0.0143264,0.0238322,0.0490742,8.76374e-28,0.0486236,2.94361e-07,6.92181e-17,4.68323e-26,6.84164e-35,1.20695e-42
#[v_choice,22]
%0,0,0,0,0,0,0,0,0,0,0,0,0,0,0,0,0,0,0,0,0
#[v_choice,23]
%0,0,0,0,0,1,3.98816e-09,2.29971e-15,1.95387e-23,6.61116e-28,1.61424e-35,1.12793e-42,0,0,0,0,0,0,0,0,0
#[v_choice,24]
%0,0,0,0,0,0,0,0,0,0,0,0,0,0,0,0,0,0,0,0,0
#[v_choice,25]
%0.0172125,0,2.27826e-05,0.0170481,0.0265702,0.0678955,0.16823,0.206652,0.299597,0.0400126,0.0777562,0.0448687,0.00857424,0.00921535,0,0.00757337,0.000572474,1.10068e-42,0,0.0081986,4.13589e-10
#[v_choice,26]
%0,0,0,0,0,0,0.0338936,0.083958,0.1636,0.295528,0.0870887,0.112379,0.0818463,0.087057,0.0542469,1.72285e-10,0.000402956,5.49756e-17,3.9045e-30,1.2852e-40,1.4817e-49
#[v_choice,27]
%0,0,0.00486775,0.042636,0.00010037,0.121554,0.0642628,0.0646101,0.129706,0.0311598,0.178329,0.179883,0.100604,0.0147658,0.0523183,0.0151545,4.79515e-05,5.67002e-16,2.77724e-24,4.8204e-33,5.47859e-41
#[v_choice,28]
%0,0,0,0,0,0,0,0,0,0,0,0,0,0,0,0,0,0,0,0,0
#[v_choice,29]
%0,0,0.00241244,0.0969107,0.00846127,0.094298,0.0859818,0.166717,0.0779791,0.137156,0.22207,0.0446974,0.0206969,0.0183145,0.0149058,0.00939944,2.61041e-10,5.47709e-18,1.37411e-26,5.94492e-32,1.06137e-39
#[v_choice,30]
%0.000581173,0.00206764,0.0122634,0.0673977,0.0771971,0.0847036,0.120017,0.135022,0.166971,0.036957,0.0971059,0.0685621,0.0683334,0.0114023,0.0239778,0.0103579,0.00851215,0.00184519,0.00111102,0.00455584,0.00105912
#[v_choice,31]
%0,0,0.00647883,0.0142401,0.0434599,0.131492,0.0548625,0.0644686,0.19695,0.0790897,0.0638337,0.0884154,0.0952148,0.108915,3.95639e-05,0.00383579,0.0383806,1.07096e-06,0,0,0.0103223
#[v_choice,32]
%0,0.0269364,0.00885479,0.0329136,0.0179091,0.0870754,0.0726526,0.163119,0.0789065,0.120897,0.151732,0.0689823,0.075677,0.0312425,0.0182301,8.85359e-38,0,0.0151316,0,0.0125194,0.0172206
#[v_choice,33]
%0,0,0,0,0,0,0,0,0,0,0,0,0,0,0,0,0,0,0,0,0
#[v_choice,34]
%0,0.00573988,0.00060995,0.0125737,0.0200381,0.0344857,0.11219,0.14337,0.0691684,0.224701,0.106617,0.112426,0.0570324,0.0199633,0.0369172,0.0368129,1.16847e-06,0,0.00735304,3.1982e-12,1.21151e-21
#[v_choice,35]
%0,0,0.00845015,0.0133692,0,0.0261961,0.0137361,0.251664,0.0993614,0.155968,0.156038,0.133947,0.0689548,2.53824e-08,0.0287302,0.0315119,1.35783e-05,0,0,0,0.0120591
#[v_choice,36]
%0,0.022699,0.0409406,0.0166144,0.000559483,0.103447,0.108844,0.070311,0.10216,0.0614305,0.0856175,0.289253,0.065699,0.000587304,0.0318371,2.1204e-11,9.3353e-17,5.21749e-25,4.95697e-33,4.70901e-39,1.37133e-50
#[v_choice,37]
%0,0,0,0,0,0,0,0,0,0,0,0,0,0,0,0,0,0,0,0,0
#[v_choice,38]
%0,0,0.00159908,0.0750252,0.084541,0.163024,0.193548,0.0221776,0.0668586,0.24786,0.0322154,0.00970537,0,0.00274641,0.0820413,0.0167386,0.00191994,6.8867e-10,1.53718e-17,8.51641e-25,3.04442e-33
#[v_choice,39]
%0,0,0,0,0,0,0,0,0,0,0,0,0,0,0,0,0,0,0,0,0
#[v_choice,40]
%0,0,0,0,0,0,0,0,0,0,0,0,0,0,0,0,0,0,0,0,0
#[v_choice,41]
%0,0,0,0,0,0,0,0,0,0,0,0,0,0,0,0,0,0,0,0,0
#[v_choice,42]
%0,0,0.00453107,0.143124,0.0601925,0.0327291,0.120492,0.209714,0.0233807,0.155122,0.0587165,0.0564106,0.0515531,0.0840285,6.81038e-06,6.63205e-13,1.0283e-18,1.78702e-25,2.71216e-32,1.61712e-38,2.17508e-46
#[v_choice,43]
%0,0,0,0,0,0,0,0,0,0,0,0,0,0,0,0,0,0,0,0,0
#[v_choice,44]
%0,0,0,0,0,0,0,0,0,0,0,0,0,0,0,0,0,0,0,0,0
#[v_choice,45]
%0,0.0123959,0.0195716,0.0818637,0.138743,0.17898,0.146944,0.0898454,0.149713,0.100554,0.019748,0.0159343,0.0243607,0,0,0.0213463,6.53333e-07,3.29624e-15,4.64278e-23,5.0537e-32,1.19677e-41
#[v_choice,46]
%0,0.00760933,0,0.0584419,0.0603921,0.278262,0.129595,0.102537,0.24734,0.0504105,0.0480551,1.47418e-09,0.0173571,1.06036e-09,6.95882e-17,3.97996e-25,1.76869e-29,4.23962e-37,5.04463e-45,0,0
#[v_choice,47]
%0,0,0,0,0,0,0,0,0,0,0,0,0,0,0,0,0,0,0,0,0
#[v_choice,48]
%0,0,0,0,0,0,0,0,0,0,0,0,0,0,0,0,0,0,0,0,0
#[v_choice,49]
%0,0,0.0135694,4.19652e-05,0.0826292,0.1257,0.0784851,0.147928,0.307136,0.0518938,0.072768,0.0630302,0.0209355,0.0118273,0.0181641,0.00589134,1.44274e-15,2.1416e-24,1.54482e-32,2.12005e-41,2.27766e-49
#[v_choice,50]
%0,0,0,0,0.0914466,0.290773,0.164994,0.102447,0.0706601,0.124848,0.0552568,2.1439e-07,0.0995744,1.95593e-11,6.27563e-27,9.60315e-34,8.01892e-45,0,0,0,0
#[v_choice,51]
%0,0,0,0,0,0,0,0,0,0,0,0,0,0,0,0,0,0,0,0,0
#[v_choice,52]
%0,0,0,0,0.126055,0.146795,0.149546,0.257515,0.2121,0,0.072047,0,0,0.0359419,1.45311e-11,1.81551e-16,2.19649e-24,1.28588e-32,6.24665e-41,0,0
#[v_choice,53]
%0,0,0,0,0,0,0,0,0,0,0,0,0,0,0,0,0,0,0,0,0
#[v_choice,54]
%0,0,0.0175176,0.0366727,0.0637284,0.106113,0.156153,0.111643,0.345939,0.0875261,0.0490963,2.08448e-09,0,0.0256111,5.28543e-12,1.12036e-16,3.06013e-24,2.0713e-32,2.50882e-40,2.71958e-49,0
#[v_choice,55]
%0,0,0.0635377,1.71438e-05,0.00569564,0.327899,5.0097e-09,0.10864,0.234291,0.222655,6.37343e-08,0,0.0372644,5.30274e-09,3.99708e-17,1.28923e-21,3.23097e-29,1.8314e-37,0,0,0
#[v_choice,56]
%0,0,0,0,0,0.115525,0,0.348623,0.131986,0.115467,0.163385,4.23325e-10,0,0,0,0.125014,2.32104e-10,5.82209e-19,4.78722e-27,3.95728e-35,6.04069e-43
#[v_choice,57]
%0,0,0,0,0,0,0.151882,0.30534,0.257353,0.283614,0.00181134,2.23094e-10,3.44009e-14,7.53923e-21,6.61902e-28,1.56333e-33,4.17499e-42,0,0,0,0
#[v_choice,58]
%0,0.00134585,0,0.0387642,0,0.0263691,0.133987,0.0964851,0.138596,0.0608546,0.113026,0.223382,0.0961478,0.00612226,0.0350095,0,0.0131062,0.0168035,4.61056e-14,5.50071e-23,3.40361e-31
#[v_choice,59]
%0,0,0,0.0650653,0.010695,4.48527e-07,0.189331,0.13861,0,0.210705,0.222666,0.089609,0.0302612,0.0430562,1.06614e-10,2.5982e-21,6.99523e-28,8.42338e-37,7.62926e-46,0,0
#[v_choice,60]
%0,0,0,0.0653867,0.0106091,0,0.190673,0.13878,0,0.211433,0.222353,0.0886278,0.0296658,0.0424717,0,0,0,0,0,0,0
#[v_choice,61]
%0,0,0,2.22779e-05,0.100887,0.0479213,0.122595,0.142552,0.14118,0.0763411,0.0372509,0.191151,0.0644749,0.022111,0.0255476,0.0279438,2.19687e-05,2.92973e-14,4.2723e-23,1.22856e-31,5.53073e-40
#[v_choice,62]
%0.00812224,6.07628e-05,0.00613198,0.0473698,0.0259552,0.0277221,0.17219,0.144099,0.0196368,0.133105,0.163977,0.100018,0.0562409,0.0255308,0.0216548,0.0392666,2.45496e-07,0.00459768,0,0.00431962,1.04389e-06
#[v_choice,63]
%0,0,0,9.196e-08,0.118426,0.181429,0.0703719,0.0249604,0.331758,2.93916e-23,0.13483,0,0.0930228,0,0.0452017,2.39656e-16,4.45721e-26,1.70819e-36,7.90398e-47,0,0
#[v_choice,64]
%0,0,0.0178353,0,0.205508,0.0319013,0.0977579,0.133081,0.05502,0.171009,7.59325e-08,0.0271612,0.0590154,0.0596359,0.142075,5.90057e-12,6.09092e-18,1.70965e-26,8.41898e-35,3.42502e-45,0
#[v_choice,65]
%0,0,0,0,0,0,0,0.0934331,0.0908806,0.111359,0.236854,6.39891e-08,0.219021,0.138908,0,0.109545,9.25785e-10,9.8776e-23,6.20423e-32,2.94675e-41,0
#[v_choice,66]
%0,0,0,0,0,0,0,0.0215472,0.283378,0.345069,0.350006,1.3163e-07,1.99725e-16,5.85247e-25,5.1066e-32,3.21504e-40,7.96419e-45,0,0,0,0
#[v_choice,67]
%0,0,0,0,0,0.0439065,0.0553077,0.0258581,0.282771,0.104753,0.260839,0.155277,0.0712886,7.48108e-08,1.193e-20,4.83125e-29,2.56372e-34,1.50568e-43,0,0,0
#[v_choice,68]
%0,0,0,0,0,0,0,0,0,0,0,0,0,0,0,0,0,0,0,0,0
#[v_choice,69]
%0,0,0,0,0.0138056,0.147986,0.108078,0.0907389,0.274437,0.263899,0.0105172,0.00378997,0.0392595,5.09659e-07,0.0235409,0.00776371,0.0161828,7.95337e-13,4.4526e-22,1.52995e-30,4.10812e-39
#[v_choice,70]
%0,0,0.0247874,0,0.00155958,0.183906,0.0311438,0.19565,0.204925,0.17315,0.091784,1.12436e-08,0.0232411,0.021609,0.0348029,0,0,0,0.0134413,4.10311e-11,1.53454e-23
#[v_choice,71]
%0,0,0,0,0,0,0,0,0,0,0,0,0,0,0,0,0,0,1,0,0
#[v_choice,72]
%0,0,0,0,0,0,0,0,0,0,0,0,0,0,0,0,0,0,0,0,0
#[v_choice,73]
%0,0.00169717,0.00520816,0.00687009,0.00565257,0.112661,0.109176,0.0862824,0.149435,0.324407,0.0832353,0.0335385,0.0204067,0.0162508,0.0156355,0.00262077,0.0165357,0.0103872,2.74025e-12,3.15878e-22,1.51792e-30
#[v_choice,74]
%0,0,0,0,0,0,0,0,0,0,0,0,0,0,0,0,0,0,0,0,0
#[v_choice,75]
%0,0,0,0,0,0,0,0,0,0,0,0,0,0,0,0,0,0,0,0,0
#[v_choice,76]
%0,0,0,0,0,0,0,0,0,0,0,0,0,0,0,0,0,0,0,0,0
#[v_choice,77]
%0,0,0,0,0,0.066298,0.0962482,0.0788604,0.0104701,0.548148,0.0395439,0.0395989,0.0730939,0.0250225,0,0.0226267,8.90733e-05,4.66809e-11,5.80276e-18,1.16426e-25,4.43395e-34
#[v_choice,78]
%0,0,0,0,0.0257163,0.0845307,0.201647,0.127842,0.111667,0.365776,3.8612e-09,0.000208672,0.0220657,0.033513,5.5525e-10,0,0,0,0.0270337,4.57295e-09,3.43785e-16
#[v_choice,79]
%0,0,0,0,0,8.93275e-05,0.269846,0.165136,0.0160098,0.443464,0.0302013,0.0393856,0,0,0.0358685,1.60783e-09,5.67126e-13,3.22452e-21,4.49058e-29,1.1301e-36,1.55652e-44
#[v_choice,80]
%0,0,0,0,0,0,0,0,0,0,0,0,0,0,0,0,0,0,0,0,0
#[v_choice,81]
%0,0,0,0.0255896,0.0724612,0.101469,0.080692,0.0953153,0.172522,0.304303,0.0156429,0.0563959,0.0543554,0.0212535,2.99287e-10,1.85903e-19,1.76206e-22,1.09101e-29,2.75129e-37,2.17666e-45,0
#[v_choice,82]
%0,0,0,0,0,0,0,0,0,0,0,0,0,0,0,0,0,0,0,0,0
#[v_choice,83]
%0,0.00636625,0,0.00129124,0.00172247,0.00913045,0.179051,0.126228,0.0969774,0.379297,0.0519707,0.07102,0.0274745,0.0207369,0.0134152,0.0153188,2.36498e-07,2.39366e-15,2.3137e-23,1.88379e-31,2.46864e-39
#[v_choice,84]
%0,0,0,0,0,0,0,0,0,0,0,0,0,0,0,0,0,0,0,0,0
#[v_choice,85]
%0,0,0,0,0,0,0,0,0,0,0,0,0,0,0,0,0,0,0,0,0
#[v_choice,86]
%0,0,0,0,0,0,0,0,0,0,0,0,0,0,0,0,0,0,0,0,0
#[v_choice,87]
%0,0,0,0,0,0,0,0,0,0,0,0,0,0,0,0,0,0,0,0,0
#[v_choice,88]
%0,0.00720225,0.0140474,0.00783656,0.236617,0.0876307,0.0976103,0.140544,0.191731,0.0756415,0.0792337,0.0124221,0.0162551,0.00375691,0.0226258,0.00134885,0,0,0.00549654,3.21465e-15,4.59771e-40
@d_5_del
$Dim[3,21]
#[d_gene,0]
%0.00611202,0.00766776,0.0623789,0.0206257,0.0820756,0.168438,0.148482,0.105539,0.168722,0.0967902,0.0407799,0.0327566,0.0207178,0.0325661,0.00108416,0.000872024,0.00439354,0,0,0,0
#[d_gene,1]
%0.000173819,0.00294985,0.0199765,0.00948945,0.045998,0.0416938,0.0500366,0.0530859,0.0783363,0.0479735,0.0379587,0.0501989,0.209145,0.0774443,0.0857911,0.0687474,0.0687069,0.0345348,0.00279492,0.00300138,0.0119627
#[d_gene,2]
%0.000547551,0.00747393,0.0366606,0.0176785,0.0759327,0.0798976,0.134854,0.0631244,0.162682,0.108664,0.0579753,0.06101,0.0464,0.0490881,0.0101186,0.0434395,0.0219157,0.0143029,0.000483556,0.0014752,0.00627597
@d_3_del
$Dim[3,21,21]
#[d_gene,0],[d_5_del,0]
%0,0,0,0.0615769,0.000392033,0.0224226,0.00144418,8.9813e-05,0.135354,0.0707597,6.58034e-05,0,0,0,0,0,6.96328e-05,0.0135232,2.4888e-05,0.178709,0.515569
#[d_gene,0],[d_5_del,1]
%0,0.000483866,0,0,4.36929e-07,0.00220679,4.55173e-05,0.19798,0.00453477,0.0817691,0.00636865,0.00121357,0.00411738,0,0,0,0,0.0763481,0.00137134,0.62356,0
#[d_gene,0],[d_5_del,2]
%0,0,0.00665426,0.00188802,0.04982,0.00709379,0.105066,0.254919,0.0150924,0.183367,0.160243,0.169195,0.0265822,0,0,0.00119551,4.83768e-05,7.29366e-05,0.0187614,0,0
#[d_gene,0],[d_5_del,3]
%0,0,0.000886415,0.00357598,0.156723,0.00236343,0.10955,0.106937,0.0652484,0.243985,0.135678,0.107241,0.0452541,1.03985e-28,0,4.61379e-07,4.59441e-05,0.0225115,0,0,0
#[d_gene,0],[d_5_del,4]
%0,0.00361236,0.00356145,0.00379423,0.0481382,0.0147003,0.143948,0.141034,0.0286506,0.302739,0.0821713,0.110635,0.114403,4.34371e-33,0,0.000265303,0.00234824,0,0,0,0
#[d_gene,0],[d_5_del,5]
%0,5.53345e-08,3.71109e-06,0.000466094,0.0179758,0.00484733,0.124516,0.250778,0.0492787,0.258137,0.0451576,0.107617,0.140128,6.84702e-08,0.00018326,0.000911572,0,0,0,0,0
#[d_gene,0],[d_5_del,6]
%0,0,0.00302094,0.00131351,0.059641,0.00930784,0.0501581,0.319883,0.138819,0.182931,0.0577211,0.174791,0.00127618,0.00108756,4.90989e-05,0,0,0,0,0,0
#[d_gene,0],[d_5_del,7]
%0,0,0.0132222,0.0464048,0.0528391,0.020066,0.151555,0.342256,0.0777828,0.120512,0.173632,0.00172938,1.93221e-08,6.21087e-07,0,0,0,0,0,0,0
#[d_gene,0],[d_5_del,8]
%0,0,0.00681101,0.00366638,0.033926,0.00851713,0.119849,0.315977,0.132696,0.37813,0.000421103,6.83861e-06,2.93003e-16,0,0,0,0,0,0,0,0
#[d_gene,0],[d_5_del,9]
%0,0.000170784,0.0177654,0.000719202,0.114953,0.0448283,0.238289,0.223605,0.357208,0.00246095,2.70953e-11,2.21349e-20,0,0,0,0,0,0,0,0,0
#[d_gene,0],[d_5_del,10]
%0,2.32399e-05,0.0551875,0.036513,0.071321,0.165503,0.347657,0.323542,0.00025412,4.58334e-12,0,0,0,0,0,0,0,0,0,0,0
#[d_gene,0],[d_5_del,11]
%0.00856572,5.91063e-06,0.0040247,0.0322046,0.113342,0.441028,0.400772,5.7048e-05,7.81644e-11,2.43155e-12,0,0,0,0,0,0,0,0,0,0,0
#[d_gene,0],[d_5_del,12]
%6.01696e-08,3.84185e-05,0.120127,0.0221683,0.221623,0.635884,9.12191e-05,0,6.84696e-05,0,0,0,0,0,0,0,0,0,0,0,0
#[d_gene,0],[d_5_del,13]
%0,0.00310383,0.000573348,0.129833,0.864982,0.0012697,2.65084e-07,0.000237736,0,0,0,0,0,0,0,0,0,0,0,0,0
#[d_gene,0],[d_5_del,14]
%0,0,0,0,0.00247494,0.20485,0.792675,0,0,0,0,0,0,0,0,0,0,0,0,0,0
#[d_gene,0],[d_5_del,15]
%0,0,0,0.000549206,0.0301517,0.969299,0,0,0,0,0,0,0,0,0,0,0,0,0,0,0
#[d_gene,0],[d_5_del,16]
%0,0,0,0,1,0,0,0,0,0,0,0,0,0,0,0,0,0,0,0,0
#[d_gene,0],[d_5_del,17]
%0,0,0,0,0,0,0,0,0,0,0,0,0,0,0,0,0,0,0,0,0
#[d_gene,0],[d_5_del,18]
%0,0,0,0,0,0,0,0,0,0,0,0,0,0,0,0,0,0,0,0,0
#[d_gene,0],[d_5_del,19]
%0,0,0,0,0,0,0,0,0,0,0,0,0,0,0,0,0,0,0,0,0
#[d_gene,0],[d_5_del,20]
%0,0,0,0,0,0,0,0,0,0,0,0,0,0,0,0,0,0,0,0,0
#[d_gene,1],[d_5_del,0]
%0,0,0,0,0,0,0,0,0,0,0,0,0.00260011,0.629135,0,0,0,0,0,0,0.368265
#[d_gene,1],[d_5_del,1]
%0,0,0,0,0,0,0,0,0,0.0679464,0.00024461,2.96905e-09,0.0622385,0.000889603,0.000261112,0.014408,0.010059,0,2.89945e-27,0.00051576,0.843437
#[d_gene,1],[d_5_del,2]
%0,0,0,0,0,0,2.85124e-07,0,0.00508786,0.004553,0.165535,0.010778,0.0685045,0.0688905,0.00131921,0.516323,0.117678,2.50556e-08,0,0.00689854,0.034432
#[d_gene,1],[d_5_del,3]
%0,0,0,0,0,0,0,0,0.00189586,0.00736713,0.000194073,0.0367383,0.0145475,0.0228391,0.0731869,0.635441,0.193208,1.15517e-23,0,1.95592e-05,0.0145629
#[d_gene,1],[d_5_del,4]
%0,0,0,0,0,0,0.000935839,7.24344e-05,0.0529943,0.0409538,0.00513612,0.00729781,0.0060293,0.0123918,0.0450869,0.373189,0.354478,1.87784e-08,0,6.48611e-06,0.101428
#[d_gene,1],[d_5_del,5]
%0,0,0,0,0,0,1.136e-05,0.000318026,0.0320834,0.0113955,0.00780352,0.0170587,0.0114543,0.0116538,0.0827081,0.336078,0.43196,0.000508892,0.0192815,0.0376844,0
#[d_gene,1],[d_5_del,6]
%0,0,0,0,0,8.11274e-06,0.00893734,0.0243222,0.023913,0.0267526,0.0179976,0.0433754,0.103242,0.0268083,0.0912396,0.586537,0.0391857,0.000865125,0.00681573,0,0
#[d_gene,1],[d_5_del,7]
%0,0,0,0,0,1.8248e-06,0.000740261,0.00253868,0.00344562,0.00454175,0.00906861,0.0092576,0.0137522,0.162469,0.781237,0.00630207,0.00370886,0.0029373,0,0,0
#[d_gene,1],[d_5_del,8]
%0,0,0,0,0.00422976,0.00698893,9.11809e-05,0.00147935,0.0160398,0.0141818,0.0607317,0.00677079,0.0706117,0.816111,0.00221305,1.18995e-05,0.000539121,0,0,0,0
#[d_gene,1],[d_5_del,9]
%0,0,0,0,4.96954e-06,0.000573015,0.00336111,0.0744668,0.0333365,0.0471634,0.0157335,0.0535475,0.710223,0.0585298,0.00298514,7.4895e-05,0,0,0,0,0
#[d_gene,1],[d_5_del,10]
%0,0,0,0,1.39896e-05,3.69079e-05,0.0102154,0.0717654,0.054815,0.0834046,0.0886977,0.675976,0.0142314,0.000785143,5.83714e-05,0,0,0,0,0,0
#[d_gene,1],[d_5_del,11]
%0,0,0.00803332,0.0162835,0.000537191,0.000108478,0.0459814,0.0129496,0.100442,0.270846,0.540285,0.00449265,2.44455e-05,1.70374e-05,0,0,0,0,0,0,0
#[d_gene,1],[d_5_del,12]
%0,0.00133738,0.00597193,0.00106647,0.000220226,0.00151419,0.0110626,0.615041,0.0643409,0.298394,0.00103552,1.49899e-05,1.42572e-06,0,0,0,0,0,0,0,0
#[d_gene,1],[d_5_del,13]
%0.00184795,0.000932923,0.00504257,0.0615817,0.0306693,0.105455,0.0885417,0.436129,0.268258,0.00151411,9.6068e-06,1.76109e-05,0,0,0,0,0,0,0,0,0
#[d_gene,1],[d_5_del,14]
%2.65283e-08,0.000286217,4.48732e-05,0.187116,0.0949768,0.0793791,0.390865,0.238777,0.00845275,6.82909e-05,3.39511e-05,0,0,0,0,0,0,0,0,0,0
#[d_gene,1],[d_5_del,15]
%0.0089607,0.000362415,0.051136,0.0537996,0.0978153,0.487637,0.29629,0.000200602,0.00360505,0.000193442,0,0,0,0,0,0,0,0,0,0,0
#[d_gene,1],[d_5_del,16]
%0.0804455,0.0272396,0.0134779,0.0720917,0.500776,0.30177,9.3198e-05,1.06384e-05,0.00409586,0,0,0,0,0,0,0,0,0,0,0,0
#[d_gene,1],[d_5_del,17]
%0,0.0792349,0.106619,0.198862,0.588252,0.00154514,0.0115389,0.0139478,0,0,0,0,0,0,0,0,0,0,0,0,0
#[d_gene,1],[d_5_del,18]
%0,0,2.00172e-06,4.96216e-08,0.000791302,0.676651,0.322555,0,0,0,0,0,0,0,0,0,0,0,0,0,0
#[d_gene,1],[d_5_del,19]
%0,0,0,4.49326e-07,0.00227167,0.997728,0,0,0,0,0,0,0,0,0,0,0,0,0,0,0
#[d_gene,1],[d_5_del,20]
%0,0,0,0,1,0,0,0,0,0,0,0,0,0,0,0,0,0,0,0,0
#[d_gene,2],[d_5_del,0]
%0,0,0.174485,0,0,0,0.0181883,0,0,0,0,0,0.000709228,0.682911,0,0,0,0,0,0,0.123707
#[d_gene,2],[d_5_del,1]
%0,0.0104951,0.0820351,0,0.0329212,0,0.0278794,0.00794572,0,0.109832,0.00106691,1.25221e-06,0.272917,0.00106563,0.00087778,0.0255917,0.00127114,0,1.67992e-07,7.94336e-06,0.426092
#[d_gene,2],[d_5_del,2]
%0,3.08996e-05,0.0575621,4.03743e-09,2.27036e-05,0.000718824,0.236739,0.0627726,0.0197732,0.0249743,0.227998,0.0691658,0.0857124,0.0118241,0.00201407,0.0941285,0.0418091,4.09447e-07,1.16486e-23,0.0323303,0.0324246
#[d_gene,2],[d_5_del,3]
%0,3.8586e-08,6.23403e-06,0.00329509,1.30128e-14,0.0029245,0.0346798,0.00623959,0.0982064,0.0294953,0.00147595,0.239105,0.0779382,0.02956,0.109073,0.24482,0.115965,7.87792e-09,0,0.000115628,0.00710119
#[d_gene,2],[d_5_del,4]
%0,0,0.00144145,0.00942355,1.85309e-05,0.00541954,0.252221,0.10734,0.064298,0.169647,0.0394747,0.0872769,0.0525938,0.0295029,0.0174476,0.0908041,0.0517296,8.62852e-10,5.58069e-08,1.361e-05,0.0213475
#[d_gene,2],[d_5_del,5]
%0,0.000344342,0.034403,0.00589427,0.00138252,0.011017,0.261591,0.16375,0.0804447,0.0633725,0.0780913,0.0897657,0.0833901,0.0116573,0.0242757,0.0335953,0.0369998,2.82871e-05,0.00531836,0.014679,0
#[d_gene,2],[d_5_del,6]
%0,0.000748472,0.0282928,7.67539e-07,0.00158567,0.00889688,0.260457,0.092401,0.0968515,0.150713,0.0761454,0.0830501,0.0839234,0.0124102,0.0143371,0.0614106,0.0250167,9.43443e-05,0.00366565,0,0
#[d_gene,2],[d_5_del,7]
%0.0108815,6.12905e-06,0.121878,0.00828479,0.00012998,0.00599978,0.250739,0.0842418,0.0604518,0.139051,0.118371,0.0625735,0.0088188,0.0332461,0.0734726,0.00529561,0.00868299,0.00787618,0,0,0
#[d_gene,2],[d_5_del,8]
%0.00489562,3.88993e-05,0.0456204,0.0128384,0.00212963,0.0485172,0.247162,0.156032,0.122368,0.103069,0.137541,0.0234175,0.0193527,0.0719611,0.00329968,0.000918085,0.000839151,0,0,0,0
#[d_gene,2],[d_5_del,9]
%0,8.50178e-05,0.0687131,5.98834e-05,0.000348067,0.0444168,0.399399,0.0823172,0.142325,0.078337,0.0451841,0.0356899,0.0951118,0.00714332,0.000235119,0.000634741,0,0,0,0,0
#[d_gene,2],[d_5_del,10]
%0,0,0.0892866,0.00892868,0.00731993,0.02361,0.429421,0.0315213,0.0777121,0.131696,0.0564193,0.137376,0.00551119,0.000773719,0.00042396,0,0,0,0,0,0
#[d_gene,2],[d_5_del,11]
%0.00581312,1.79741e-05,0.0561277,0.0373627,0.0243594,0.109276,0.389765,0.125072,0.0533233,0.11705,0.0795704,0.00126884,0.000764784,0.000228772,0,0,0,0,0,0,0
#[d_gene,2],[d_5_del,12]
%2.33345e-08,0.0126365,0.141209,0.00382313,0.0311705,0.0116506,0.173112,0.0404764,0.104183,0.478304,0.00330173,7.96588e-05,5.34965e-05,0,0,0,0,0,0,0,0
#[d_gene,2],[d_5_del,13]
%0,0.000298523,0.0969789,0.0109967,0.0882404,0.00491061,0.594993,0.0760317,0.126861,0.000667425,1.16036e-09,2.13341e-05,0,0,0,0,0,0,0,0,0
#[d_gene,2],[d_5_del,14]
%0,0.000525842,0.0027124,8.7527e-05,0.305681,0.0273387,0.37848,0.284658,0.000509705,1.36593e-06,5.5958e-06,0,0,0,0,0,0,0,0,0,0
#[d_gene,2],[d_5_del,15]
%0,4.84475e-06,0.000441411,0.0102386,0.0425863,0.0588465,0.880527,0.00721919,0.000121345,1.51027e-05,0,0,0,0,0,0,0,0,0,0,0
#[d_gene,2],[d_5_del,16]
%0,0.106832,0.0408469,0.0251297,0.191082,0.629472,0.00168607,0.00415752,0.000794714,0,0,0,0,0,0,0,0,0,0,0,0
#[d_gene,2],[d_5_del,17]
%0,0.267,0.0925818,0.159724,0.430821,0.000568342,0.0395176,0.00978698,0,0,0,0,0,0,0,0,0,0,0,0,0
#[d_gene,2],[d_5_del,18]
%0,0,4.2286e-05,1.26013e-06,0.00636999,0.0938198,0.899767,0,0,0,0,0,0,0,0,0,0,0,0,0,0
#[d_gene,2],[d_5_del,19]
%0,0,0,2.77162e-13,0.00489754,0.995102,0,0,0,0,0,0,0,0,0,0,0,0,0,0,0
#[d_gene,2],[d_5_del,20]
%0,0,0,0,1,0,0,0,0,0,0,0,0,0,0,0,0,0,0,0,0
@j_5_del
$Dim[15,23]
#[j_choice,0]
%0,0.00136602,0.00857854,0.0635821,0.026545,0.230436,0.0641564,0.100842,0.140795,0.13111,0.0861356,0.0498721,0.00968316,0.0145069,0.0338867,0.0142471,0,0.00241365,0.00797882,0.00283435,0,0.00526712,0.00576375
#[j_choice,1]
%0,0.00257529,0.012188,0.000822787,0.0507934,0.0400489,0.0947531,0.0745462,0.258969,0.107493,0.083572,0.107046,0.120198,0.0118692,0,0,0.00176282,0.0154304,0.00209603,0.0158373,2.87609e-12,0,0
#[j_choice,2]
%0.00601698,0.028963,0.0479533,0.0174157,0.290803,0.0437331,0.0667164,0.046432,0.234599,0.0283539,0.0413379,1.11044e-13,0.00343704,0.0517466,2.64654e-13,0,0,0,0,0.0130163,0,0.000758318,0.0787172
#[j_choice,3]
%0,0.0132668,0.000443734,0.0499312,0.0550601,0.0236855,0.0303309,0.0369426,0.0865284,0.0573699,0.0527886,0.0689436,0.153916,0.0200129,0.043848,0.00599274,3.28286e-07,0.0117669,0.00349795,0.00482059,0,0.254648,0.0262048
#[j_choice,4]
%0,0.00033762,0.046698,0.0640744,0.0288632,0.0553609,0.0833913,0.141951,0.0670393,0.172267,0.124029,0.108411,0.0118218,0.0296148,0.00286858,0.0549141,0.0030127,0.00302392,0,0,0,0,0.0023208
#[j_choice,5]
%0.00385813,0.0123358,0.0342619,0.00409647,0.0472677,0.0100807,0.0047368,0.000499738,0.0819564,0.0695002,0.0776806,0.171614,0.145402,0.0954303,0.112314,0.0207495,0.0310748,0.011335,0.028421,3.35357e-08,6.90416e-08,0.00185788,0.0355269
#[j_choice,6]
%0,0,0,0,0,0,0,0,0,0,0,0,0,0,0,0,0,0,0,0,0,0,0
#[j_choice,7]
%0.00197588,0.0110968,0.0296392,0.0103588,0.0256902,0.0723982,0.0661267,0.0593714,0.134307,0.131866,0.0993582,0.103378,0.106137,0.0561358,0.0398942,0.00911086,0.010298,0.00865204,0.00604247,0.00890994,0.00140671,0.002953,0.00489336
#[j_choice,8]
%0,0.0085158,0.00383143,0.000453038,0.0604696,0.105735,0.0669899,0.0583502,0.155133,0.120068,0.10518,0.111522,0.00706306,0.0442952,4.28723e-07,0.00550902,7.76286e-07,0.00472614,0,0,0,0.129817,0.0123418
#[j_choice,9]
%0.00213604,2.0247e-07,0.00871125,0.030466,0.0473002,0.106345,0.271205,0.0953843,0.171833,0.086034,0.0925387,0.0308159,0.0204207,0.00175941,0.00617441,0.00294474,0,0,0.00183687,0.00313821,0,0.0145102,0.00644577
#[j_choice,10]
%0,4.27005e-05,0.0888395,0.0500513,0.0362244,0.105244,0.0838379,0.03433,0.0520911,0.0575315,0.0564244,0.0438504,0.0277861,0.00685173,0,0.00232042,0.0112279,0.0118453,0.00573239,0,6.61202e-05,0,0.325703
#[j_choice,11]
%0.00102791,2.48778e-05,0.0268079,0.0191631,0.00627174,0.0745432,0.20003,0.114905,0.158056,0.306536,0.0498846,0.0174569,3.83903e-05,0.00659181,1.6382e-16,0,0,0,0.00201857,0.00213455,1.33759e-26,0.00516334,0.00934589
#[j_choice,12]
%3.74189e-05,0.00253198,0.000870851,0.00408255,0.110826,0.0468456,0.0431174,0.0143353,0.019095,0.0276548,0.00621,1.1025e-05,0,0,0,0,0,0,0,0,0,0,0.724382
#[j_choice,13]
%3.28645e-05,0.000483107,0.0294096,0.00108086,0.0659792,0.0619048,0.182461,0.232029,0.154084,0.0997209,0.0699178,0.0692686,0.00421676,0.00858523,0.00180262,0.00645203,0.00375772,0.00201471,0,0.0033868,0.000827468,0.00253577,4.85757e-05
#[j_choice,14]
%0,0,0,0,0,0,0,0,0,0,0,0,0,0,0,0,0,0,0,0,0,0.177519,0.822481
@vd_ins
$Dim[31]
#
%0.0426145,0.0564286,0.110726,0.125031,0.155979,0.0937059,0.0776952,0.0726615,0.0597361,0.0538324,0.0373279,0.0248771,0.0217479,0.0189755,0.0118429,0.0108264,0.00600696,0.00181351,0.00446811,0.00336431,0.00245869,0.00138172,0.00271812,0.00118272,0.000613164,1.17346e-05,0.000532611,0.00103097,5.26365e-07,0.00012593,0.000282609
@vd_dinucl
$Dim[16]
#
%0.282248,0.282445,0.24694,0.188367,0.164292,0.44557,0.201594,0.188543,0.236863,0.190329,0.386935,0.185873,0.224075,0.335341,0.188433,0.252152
@dj_ins
$Dim[31]
#
%0.0634762,0.0556151,0.0886604,0.125896,0.102946,0.14464,0.0813267,0.0649427,0.040268,0.0443218,0.037976,0.0296299,0.0194469,0.0140865,0.0221101,0.0135115,0.0112732,0.0128471,0.00623135,0.00921383,0.00210805,0.00216536,0.00264081,0.00177823,2.86147e-05,0.000401438,0.000430891,1.1662e-05,0.000189041,3.74909e-05,0.00178991
@dj_dinucl
$Dim[16]
#
%0.317898,0.161937,0.337325,0.18284,0.237488,0.300524,0.236807,0.225182,0.216235,0.169126,0.438639,0.175999,0.196694,0.280906,0.24229,0.280109
