@v_choice
$Dim[89]
#
%0.00553275,4.42204e-05,4.39956e-05,0.0105311,0.00339104,0.00713879,0.00722852,0.00196323,0.00874444,0,0.00901391,0.00794217,0.00294485,0.00294485,0.0165236,0.0167622,0,0.00401571,0.00455113,0.0101731,0,0.0152597,0,0.000178476,0,0.0176691,0.0111547,0.0120471,0,0.0597894,0.18383,0.0176691,0.00874532,0,0.0336427,0.0205247,0.0126718,0,0.0124933,0,0,0.024005,0.00794217,0,0,0.0145458,0.0179368,0.036766,0,0.0336427,0.00107085,0,0.00990541,0,0.010887,0.00856684,0.000624665,0.000624665,0.00687132,0.00840054,0.00828695,0.0121364,0.0314117,0.00455025,0.00562287,0.00116009,0.000624665,0.00124933,0,0.0665715,0,0,0,0.0561306,0,0,0,0.00936998,0.00865608,0.00633589,0,0.0119579,0,0.0328396,0,0,1.00291e-20,0,0.0361414
@j_choice
$Dim[15]
#
%0.06791,0.046136,0.0105059,0.0246297,0.0669284,0.00553286,0.0152596,0.186797,0.0879859,0.107353,0.0350011,0.103317,0.0483623,0.192955,0.00132483
@d_gene
$Dim[15,3]
#[j_choice,0]
%0.838031,0.111412,0.0505572
#[j_choice,1]
%0.902304,0.0657991,0.0318972
#[j_choice,2]
%0.756346,0.19949,0.044164
#[j_choice,3]
%0.797218,0.122872,0.0799109
#[j_choice,4]
%0.869604,0.101449,0.0289477
#[j_choice,5]
%0.865074,0.0940877,0.0408381
#[j_choice,6]
%0.789167,0.16462,0.046213
#[j_choice,7]
%0.260986,0.30515,0.433864
#[j_choice,8]
%0.41299,0.27955,0.307461
#[j_choice,9]
%0.289023,0.413554,0.297423
#[j_choice,10]
%0.525181,0.269303,0.205516
#[j_choice,11]
%0.423604,0.329497,0.246899
#[j_choice,12]
%0.5193,0.297576,0.183124
#[j_choice,13]
%0.489373,0.199435,0.311193
#[j_choice,14]
%0.867172,0.00028164,0.132546
@v_3_del
$Dim[89,21]
#[v_choice,0]
%0,0,0.00124921,0.038983,0.13777,0.102053,0.101805,0.173915,0.258083,0.0569095,1.12128e-07,0.0257231,0.054027,0.00789231,0.0415903,4.63055e-11,5.20789e-15,1.9628e-21,5.75773e-30,6.63465e-38,5.75657e-46
#[v_choice,1]
%0,0,0,0,0,0,0.999998,2.12875e-06,4.50573e-13,9.87516e-21,7.7804e-29,2.16124e-35,4.48753e-44,0,0,0,0,0,0,0,0
#[v_choice,2]
%0,0,0,0,0,0,1,0,0,0,0,0,0,0,0,0,0,0,0,0,0
#[v_choice,3]
%0,0,0.024068,1.71145e-05,0.00660563,0.0604281,0.066817,0.145419,0.0526864,0.0628732,0.179097,0.146727,0.149944,0.0280294,0.0576972,0.0195894,1.25794e-06,3.69891e-16,1.50097e-24,1.77045e-33,1.75472e-42
#[v_choice,4]
%0,0.00515605,0.0696866,0,0,0.0682382,0.0561336,4.82862e-07,0.175934,0.0279424,0.228259,0.0904971,0.114051,1.14288e-06,0.10629,0.0301239,1.86322e-06,0.0276846,5.06072e-10,1.53584e-18,1.46619e-26
#[v_choice,5]
%0,0,0.0342575,0.0319339,0.0557531,0.00258954,0.12264,0.0309656,0.148149,0.0352696,0.0997344,0.129593,0.138874,7.57372e-05,0.0923266,0.0650276,9.07459e-07,0.00631808,0,0.00649184,0
#[v_choice,6]
%0,0,0.0341078,0.031855,0.0556695,0.00265947,0.122197,0.031108,0.148008,0.0354703,0.09963,0.129402,0.138693,0.000101466,0.0926743,0.0652968,3.44575e-06,0.00658391,9.57085e-11,0.00654078,3.63055e-11
#[v_choice,7]
%0,0,0,0,0.0160932,0.136617,0.105695,0.0331501,0.0543446,0.469039,0.0388246,0.0552687,0,0,0,0.0909206,4.69277e-05,2.97346e-13,2.43726e-20,4.08643e-28,1.20683e-35
#[v_choice,8]
%0,0.0277145,0.0158433,0.0213404,0.0115983,0.141264,0.116058,0.113334,0.135344,0.193696,0.0689755,0.072364,0.046025,0.00866143,0.0147172,0,0.0130632,2.29517e-10,2.0532e-18,1.31552e-26,9.63604e-35
#[v_choice,9]
%0,0,0,0,0,0,0,0,0,0,0,0,0,0,0,0,0,0,0,0,0
#[v_choice,10]
%0,0,0.0063521,0,0.0421517,0.05342,0.174256,0.101798,0.0937426,0.335755,0.0846593,0.0561519,0.0137093,0,0.0199978,0.00279209,0.0152143,8.94174e-13,1.19757e-22,1.03147e-31,8.5839e-41
#[v_choice,11]
%0,0.00932616,0.00270137,0.0313692,0.0542324,0.0673587,0.148688,0.00401058,0.208021,0.232602,0.0457455,0.0696116,0.0207671,0.0240113,0.0566477,0.0136497,3.11555e-07,0,0,0.0112567,6.3854e-09
#[v_choice,12]
%0,0,0,0,0,0.0441435,0.079629,0.0482438,0.317187,0.320177,0.0623224,0.0244475,0.0666141,0.0372363,4.83774e-09,3.80817e-18,3.07848e-22,5.26579e-30,1.46524e-37,4.44816e-46,0
#[v_choice,13]
%0,0,0.0207482,0.0514591,0.0775077,0.148901,0.135696,0.0557,0.198634,0.242271,0.037272,0,0.0318117,1.67093e-14,2.12967e-26,1.36883e-34,3.49004e-46,0,0,0,0
#[v_choice,14]
%0,0,0.0047305,0.00936605,0.00418422,0.0213274,0.0580158,0.130578,0.100776,0.199883,0.222768,0.123803,0.0718239,0.00474155,0.0278425,0.0127121,0.00400468,0.00344302,0,0,0
#[v_choice,15]
%0,0,0.00468353,0.00929737,0.00418402,0.0212574,0.0576679,0.12994,0.100553,0.199126,0.22224,0.124427,0.0724869,0.00497176,0.0283724,0.0130028,0.00421423,0.00357537,3.04491e-12,2.65256e-22,6.25659e-31
#[v_choice,16]
%0,0,0,0,0,0,0,0,0,0,0,0,0,0,0,0,0,0,0,0,0
#[v_choice,17]
%0,0,0.0212522,1.22528e-09,0.00509553,0.0556395,0.19148,0.171166,0.114328,0.155909,0.0986182,0.102662,0,0.0389401,0,0.0174891,0.0274205,2.90618e-09,5.09461e-15,1.14237e-21,1.1053e-27
#[v_choice,18]
%0,0,0.0143389,7.2809e-05,1.42277e-07,0.0353773,0.0705354,0.0687699,0.225504,0.249208,0.0359509,0.118042,0.0616003,0.00739626,0.0678841,0.0453166,3.5488e-06,4.97112e-15,2.14819e-23,7.30109e-32,1.05678e-39
#[v_choice,19]
%0,0.000559027,0.0462016,0.0553173,0.18815,0.140947,0.0803661,0.110585,0.121089,0.102564,0.0509868,0.0252466,0.061168,1.55705e-09,0.00691811,0.0099001,6.14014e-07,5.4714e-15,1.69549e-22,6.47086e-31,1.8529e-38
#[v_choice,20]
%0,0,0,0,0,0,0,0,0,0,0,0,0,0,0,0,0,0,0,0,0
#[v_choice,21]
%0,1.21871e-05,0.0476282,0.144368,0.0747961,0.23138,0.0310537,0.0769232,0.0802013,0.155075,0.0216789,0.0705724,0.0479375,1.37249e-05,0.00482238,0.0135363,1.34966e-07,6.05664e-18,7.47031e-27,9.85518e-36,1.72344e-43
#[v_choice,22]
%0,0,0,0,0,0,0,0,0,0,0,0,0,0,0,0,0,0,0,0,0
#[v_choice,23]
%0,0,0,0,0,0.497288,0,0,0.502704,8.78438e-06,3.69038e-15,1.10377e-22,2.45149e-31,2.19535e-39,0,0,0,0,0,0,0
#[v_choice,24]
%0,0,0,0,0,0,0,0,0,0,0,0,0,0,0,0,0,0,0,0,0
#[v_choice,25]
%0.00392953,0,0.00100736,0.0656201,0.00900376,0.0619569,0.192131,0.199267,0.198216,0.0759225,0.0879837,0.0273655,0.0519836,0.00864304,0.0119137,1.23846e-35,0,0,0.00505665,7.23338e-11,7.34329e-19
#[v_choice,26]
%0,2.69546e-06,0,0.0153062,8.53697e-05,0.039813,0.00753794,0.14208,0.0711254,0.173725,0.0995597,0.121695,0.0468986,0.120149,0.0985504,0.0553844,3.29276e-06,4.66967e-06,0,0.00807867,4.73847e-13
#[v_choice,27]
%0.00363296,0.0169754,0.00706104,0.007626,0.00342559,0.0226265,0.0430653,0.0460681,0.113097,0.00109897,0.238008,0.294212,0.0968027,0.0159255,0.0592098,0.023756,8.86304e-07,0,0,0,0.00740885
#[v_choice,28]
%0,0,0,0,0,0,0,0,0,0,0,0,0,0,0,0,0,0,0,0,0
#[v_choice,29]
%0.00458129,0.00294407,0.0125033,0.0824447,0.0148635,0.116538,0.059486,0.179929,0.0810901,0.0840958,0.221773,0.0304705,0.0344278,0.0377142,0.0159334,0.0121253,0.00382723,0.00208467,0.00173045,3.59699e-09,0.00143849
#[v_choice,30]
%5.32058e-06,0.00180107,0.000973619,0.0692462,0.07398,0.0938163,0.119732,0.124282,0.161852,0.0361551,0.0892604,0.0896624,0.0580943,0.0146419,0.0401971,0.0155247,0.00182983,0.00268671,0.00108205,0.000477971,0.00469847
#[v_choice,31]
%0,0.00403587,0,0.0177092,0.0466341,0.0853298,0.0816126,0.0826866,0.178887,0.112088,0.050953,0.06666,0.0324199,0.0793933,0.0757801,0.0275831,0.0298207,0.00739555,0.00315893,0.0116362,0.00621589
#[v_choice,32]
%0,0,0.0179228,0.0431408,0.049518,0.0698273,0.168958,0.037926,0.172085,0.0318626,0.101918,0.170444,0.0682948,0.00727015,0.0176796,0.0128968,0.0177279,0.00885275,0.00367527,5.4864e-12,8.54881e-22
#[v_choice,33]
%0,0,0,0,0,0,0,0,0,0,0,0,0,0,0,0,0,0,0,0,0
#[v_choice,34]
%0,0.0047769,0,0.0160805,0.00803311,0.0548299,0.0994828,0.0990751,0.0926115,0.210468,0.12025,0.111434,0.103727,0.0268494,0.0307839,0.0136069,2.75843e-06,0.00221922,0.00304865,0,0.00271902
#[v_choice,35]
%0,0,0.0103087,0.0140588,0.0073475,0.0711665,0.03935,0.148768,0.111132,0.162996,0.177973,0.102237,0.0476062,0.0336688,0.0367916,0.0148114,3.93176e-07,0,0.00289058,0.00862527,0.0102682
#[v_choice,36]
%0.0208274,5.04891e-08,0,0.00978294,0.0195038,0.0163115,0.0559442,0.0575435,0.254748,0.0906549,0.0934569,0.23759,0.0814265,0.0289115,0.0262494,1.03637e-35,0,0,0.00704921,1.82771e-10,7.89869e-21
#[v_choice,37]
%0,0,0,0,0,0,0,0,0,0,0,0,0,0,0,0,0,0,0,0,0
#[v_choice,38]
%0,0.00522362,0.00667914,0.101597,0.079218,0.193365,0.121642,0.109653,0.209101,0.0859805,0.0295261,0.010403,0.0336204,0,0.013991,1.24438e-13,1.0314e-18,1.44257e-27,4.9293e-36,5.44853e-48,0
#[v_choice,39]
%0,0,0,0,0,0,0,0,0,0,0,0,0,0,0,0,0,0,0,0,0
#[v_choice,40]
%0,0,0,0,0,0,0,0,0,0,0,0,0,0,0,0,0,0,0,0,0
#[v_choice,41]
%0.0114268,0.00040871,0.0209942,0.0993602,0.133718,0.156246,0.0577535,0.0921163,0.179313,0.0857289,0.0621058,0.0385386,0.0138632,0.0106776,0.017315,0.00925899,7.66204e-07,0,0,0.00632965,0.00484484
#[v_choice,42]
%0,0.00855959,0.0828504,0.0815593,0.0689807,0.058643,0.10509,0.157324,0.13831,0.123892,0.0312733,0.0573826,0.0435275,0.0200991,2.44242e-10,0,0,0.00888473,0.0136239,5.79287e-08,7.31848e-17
#[v_choice,43]
%0,0,0,0,0,0,0,0,0,0,0,0,0,0,0,0,0,0,0,0,0
#[v_choice,44]
%0,0,0,0,0,0,0,0,0,0,0,0,0,0,0,0,0,0,0,0,0
#[v_choice,45]
%0.0161406,0.000655125,0.00234015,0.103318,0.0477153,0.297149,0.0545591,0.142812,0.152931,0.0877297,0.0230439,0.00109641,0.0510562,0.0042653,0.0151873,2.28482e-12,3.83919e-17,9.07226e-25,5.91215e-33,2.03373e-40,1.4118e-51
#[v_choice,46]
%0,5.49079e-05,0.0159866,0.193212,0.0525111,0.267909,0.0618932,0.123192,0.153083,0.0653255,0.0289162,0.0241103,0.00881063,4.36529e-49,0.00499622,6.32354e-13,6.97072e-18,9.54225e-26,7.0465e-34,5.31273e-42,0
#[v_choice,47]
%0,1.60164e-05,0.0246845,0.164413,0.0880364,0.232777,0.0926619,0.102494,0.169721,0.0460707,0.0242868,0.0140893,0.0280691,0.00264513,0.00757403,1.53134e-40,0,0.00246172,4.45204e-11,1.52311e-18,1.43977e-28
#[v_choice,48]
%0,0,0,0,0,0,0,0,0,0,0,0,0,0,0,0,0,0,0,0,0
#[v_choice,49]
%0,0,0.00299439,0.0103009,0.093603,0.198482,0.100216,0.0905351,0.315213,0.0325187,0.0341357,0.0495015,0.0273394,0.0314878,0.00585404,6.34892e-08,2.46413e-07,0.001804,7.66687e-05,0.00593685,1.31635e-09
#[v_choice,50]
%0,0,0,0,0.23952,0.000140576,0.0763981,0,0.289225,0.311383,1.00819e-08,5.02297e-35,0,0,0,0,0,0,0,0.0833337,2.91958e-13
#[v_choice,51]
%0,0,0,0,0,0,0,0,0,0,0,0,0,0,0,0,0,0,0,0,0
#[v_choice,52]
%0,0,2.49773e-05,2.68192e-06,0.0123499,0.296926,0.0656344,0.169489,0.219306,0.0830891,0.0943857,0.0229892,0.0106359,0,0.0161467,2.7423e-07,0,0,0.00901943,1.09369e-21,8.75616e-41
#[v_choice,53]
%0,0,0,0,0,0,0,0,0,0,0,0,0,0,0,0,0,0,0,0,0
#[v_choice,54]
%0,0,0,0.0353073,0.0438265,0.169386,0.0273116,0.16569,0.325664,0.116389,0.0526692,0.0464359,0.000207604,0,0.0171021,1.06642e-05,9.88646e-14,6.75186e-23,3.86585e-32,9.50377e-41,0
#[v_choice,55]
%0,0,0,0,0.00133075,0.199313,0.106926,0.190502,0.369299,0.0890018,0.0200512,0.0235753,1.55863e-08,5.71268e-17,2.28473e-25,2.84035e-29,3.96572e-38,5.45886e-50,0,0,0
#[v_choice,56]
%0,0,0,0.0800394,1.67771e-06,0.243178,0.535271,1.26625e-08,0,0,0,0.141509,3.06679e-10,2.50358e-18,1.64075e-27,1.18129e-32,8.04424e-41,0,0,0,0
#[v_choice,57]
%0,0,0,0,0.138417,7.12702e-07,0,0.391737,0.180632,2.40594e-08,0,0.289189,2.51887e-05,2.13067e-10,3.61522e-14,4.69147e-17,8.10036e-23,1.77444e-29,3.79929e-37,1.07429e-44,0
#[v_choice,58]
%0,0,0.00890564,0.00960353,0.027996,0.0756212,0.0617247,0.112174,0.132473,0.0573292,0.0883407,0.224847,0.0526852,0.0766974,0.0564234,1.35295e-09,0,1.68643e-05,0.0151617,1.1061e-14,5.08029e-24
#[v_choice,59]
%0,2.10387e-05,0.00488271,0.0157803,0.0332074,0.00789162,0.128496,0.0806184,0.102639,0.141713,0.16169,0.174218,0.0462577,0.00674012,0.0613287,0.0152787,0.0063049,0.0129325,2.42219e-11,1.15802e-20,1.0174e-28
#[v_choice,60]
%0,2.12114e-05,0.00492805,0.015898,0.03346,0.00791641,0.129281,0.0807247,0.10274,0.14171,0.161955,0.174124,0.0456851,0.00651149,0.0610153,0.0150915,0.00613322,0.0128055,0,0,0
#[v_choice,61]
%0,0,0.0136427,0.0529088,0.0579097,0.0366328,0.0931052,0.0758022,0.0611737,0.107771,0.0919722,0.167227,0.139441,0.00347144,0.0438486,0.0403399,8.71348e-06,0,0,0.0147441,1.09702e-11
#[v_choice,62]
%0.000110797,0.00466204,0.0163172,0.0162128,0.0394559,0.0138576,0.149878,0.112347,0.114043,0.136543,0.169913,0.0795127,0.0663012,0.00976144,0.039369,0.0145241,0.0143389,3.41586e-25,0,0.00285147,2.5151e-11
#[v_choice,63]
%0.0192406,1.25959e-06,0,0.0189519,0,0.0015749,0.129895,0.12046,0.00749835,0.151832,0.237751,0.10609,0.0851353,0.0167504,0.0222339,0.0172975,0.0329192,4.00779e-32,0,0.0323691,3.74524e-12
#[v_choice,64]
%0,0.00663417,0.0310204,0.0405031,0.0540308,0.0527666,0.158493,0.0694582,0.0732419,0.10388,0.0812293,0.0535619,0.138974,0.078457,3.88989e-36,0.0418709,3.15623e-06,0,0,0,0.0158756
#[v_choice,65]
%0,0,0,0.0521555,0,0.225362,0.151343,0.0993722,0,0.229801,0.0683159,0.0997997,3.70284e-29,0,0,0.0596735,0.0141769,2.28906e-09,6.42193e-39,0,0
#[v_choice,66]
%0,0,0,0,0.133372,1.77468e-06,0.151159,7.6881e-06,0,0.118333,0.127065,0.177732,0,0.29233,1.94586e-07,7.09674e-16,4.9246e-20,1.32566e-27,3.0215e-35,2.27047e-43,0
#[v_choice,67]
%0,0,0,0,0.0663643,4.35261e-08,0.055667,0.0637302,0.095131,0.287839,0,0.0432783,0.242242,0,0.0585231,0.0872011,2.45433e-05,1.82842e-15,1.40889e-23,4.66274e-32,6.64996e-40
#[v_choice,68]
%0,0,0,0,0,0,0,0,0,0,0,0,0,0,0,0,0,0,0,0,0
#[v_choice,69]
%0,0.00413583,0.00568284,0.00795146,0.00453469,0.158876,0.123686,0.0887572,0.0916633,0.33687,0.0548797,0.058622,0.0245671,0.0131671,0.00406223,0.0107061,0.0077699,2.22255e-35,0.00116589,0.000719965,0.00218204
#[v_choice,70]
%0,0,0,0,0,0,0,0,0,0,0,0,0,0,0,0,0,0,0,0,0
#[v_choice,71]
%0,0,0,0,0,0,0,0,0,0,0,0,0,0,0,0,0,0,0,0,0
#[v_choice,72]
%0,0,0,0,0,0,0,0,0,0,0,0,0,0,0,0,0,0,0,0,0
#[v_choice,73]
%2.08906e-05,0.00344666,0.0117104,0.0137384,0.000349951,0.076304,0.134577,0.0610003,0.136919,0.357924,0.0367055,0.0600657,0.053456,0.010319,0.0145512,0.0146192,0.00310776,1.28252e-19,0.000733199,0.00624578,0.00420599
#[v_choice,74]
%0,0,0,0,0,0,0,0,0,0,0,0,0,0,0,0,0,0,0,0,0
#[v_choice,75]
%0,0,0,0,0,0,0,0,0,0,0,0,0,0,0,0,0,0,0,0,0
#[v_choice,76]
%0,0,0,0,0,0,0,0,0,0,0,0,0,0,0,0,0,0,0,0,0
#[v_choice,77]
%0,0.00816818,0.00791647,0.000560623,2.08743e-05,0.168908,0.0811611,0.0961334,0.130383,0.327146,0.0336586,0.0877063,0.0291274,0.00785214,0.0117338,4.72422e-15,0,0,0,0,0.00952408
#[v_choice,78]
%0,0,0,0.000389629,0.0388027,0.173881,0.104693,0.152925,0.110066,0.217826,0.0763436,0.0087379,0.0124946,0.0569329,0.0249322,0.0115915,3.06571e-05,0,0,0.0103529,6.62501e-11
#[v_choice,79]
%0,0,0.0134766,2.74592e-06,0.00181857,0.0939281,0.18968,0.020693,0.098132,0.41062,0.0365108,0.0504425,0,0,0.0363411,0.048354,6.59925e-07,8.83098e-17,7.01413e-26,1.73216e-34,1.9014e-42
#[v_choice,80]
%0,0,0,0,0,0,0,0,0,0,0,0,0,0,0,0,0,0,0,0,0
#[v_choice,81]
%0,0.00114046,0.0170757,0.0271861,0.0260578,0.120726,0.132416,0.0350109,0.146985,0.379737,0.0378562,0.0219717,0.0154305,0.00158798,0.0285065,0.00831186,2.23421e-07,9.73185e-22,1.28439e-31,1.15367e-40,0
#[v_choice,82]
%0,0,0,0,0,0,0,0,0,0,0,0,0,0,0,0,0,0,0,0,0
#[v_choice,83]
%0,0.00155819,0.00299051,0.000255465,0.00201634,0.120334,0.117889,0.0926871,0.0724875,0.395862,0.0686369,0.0593832,0.0398153,0.00276844,0.000657055,0.0199374,3.54525e-06,0,0,0,0.00271834
#[v_choice,84]
%0,0,0,0,0,0,0,0,0,0,0,0,0,0,0,0,0,0,0,0,0
#[v_choice,85]
%0,0,0,0,0,0,0,0,0,0,0,0,0,0,0,0,0,0,0,0,0
#[v_choice,86]
%0,0,0,0,0,1,1.97488e-07,4.61411e-15,1.06255e-21,0,0,0,0,0,0,0,0,0,0,0,0
#[v_choice,87]
%0,0,0,0,0,0,0,0,0,0,0,0,0,0,0,0,0,0,0,0,0
#[v_choice,88]
%0.0112304,1.66663e-07,0.00225426,0.002094,0.242707,0.0841327,0.0541302,0.118664,0.274575,0.0390341,0.082944,0.0220712,0.00833271,0.0103395,0.0214898,0.00641415,0.0121142,4.62531e-17,0.00154908,0.00592335,9.2139e-11
@d_5_del
$Dim[3,21]
#[d_gene,0]
%0.00671478,0.00284875,0.0585627,0.0231657,0.0807774,0.143916,0.161015,0.0949316,0.157231,0.0735504,0.067862,0.0494666,0.0297477,0.0443871,1.99009e-05,0.00150763,0.00429515,0,0,0,0
#[d_gene,1]
%0.000735926,0.0013119,0.0244412,0.0157998,0.0493126,0.0581893,0.0876206,0.0484922,0.0980964,0.093671,0.0561135,0.0544202,0.123227,0.0804138,0.075822,0.0503731,0.0437471,0.0287004,0.000655881,0.0024185,0.00643801
#[d_gene,2]
%0.00159509,0.00194708,0.0437058,0.0189031,0.0890126,0.0860608,0.0882985,0.051869,0.141889,0.105212,0.0539844,0.0539432,0.0502174,0.0545645,0.0181421,0.0767365,0.0349332,0.0226597,0.000486096,0.0014404,0.00439984
@d_3_del
$Dim[3,21,21]
#[d_gene,0],[d_5_del,0]
%0,0,0,0,0.0220554,5.70448e-06,0.000560993,0.0188727,1.37254e-18,0.0175926,0.000435373,4.86311e-06,0,0,0,0,0.0114738,0.0617867,0.176605,0.298998,0.391609
#[d_gene,0],[d_5_del,1]
%0,0,6.0108e-05,2.17743e-06,0.0249583,0.00612587,0.0123754,0.109356,0.0540876,0.0569937,0.229246,0.0203259,0.00246011,0,0,0.0124401,0.0189796,0.0436411,0.0543856,0.354562,0
#[d_gene,0],[d_5_del,2]
%0,0,0.00239949,0.000141063,0.0313515,0.0113207,0.165493,0.270083,0.0576173,0.173784,0.178145,0.0750178,0.0197175,2.56418e-08,0,0.000353991,0.0018077,0.00335441,0.0094138,0,0
#[d_gene,0],[d_5_del,3]
%0,0,0.000276462,6.95315e-06,0.0933766,0.0209589,0.0779665,0.21858,0.178856,0.103909,0.103604,0.152012,0.0381747,0,0,4.72348e-07,0.00060154,0.0116762,0,0,0
#[d_gene,0],[d_5_del,4]
%0,0,0.00434277,0.00277532,0.0270009,0.00792933,0.0565152,0.273687,0.0832115,0.186856,0.158522,0.0901958,0.108155,1.21149e-11,0,4.54402e-09,0.000809159,0,0,0,0
#[d_gene,0],[d_5_del,5]
%2.68084e-05,3.16757e-05,0.00482713,0.0064807,0.0349364,0.00995893,0.0318839,0.262402,0.0748419,0.219151,0.0609596,0.082693,0.211333,5.24096e-06,0.00011613,0.000352558,0,0,0,0,0
#[d_gene,0],[d_5_del,6]
%4.43995e-05,0.000113311,0.00675593,0.00232771,0.0267838,0.0100791,0.0743927,0.266235,0.132271,0.230947,0.0380188,0.211461,0.000543258,7.0618e-09,2.6302e-05,0,0,0,0,0,0
#[d_gene,0],[d_5_del,7]
%0,0.00102687,0.00978095,0.00393896,0.0692692,0.0255074,0.136042,0.368954,0.0586612,0.115963,0.209624,0.00120273,2.66963e-05,3.29656e-06,0,0,0,0,0,0,0
#[d_gene,0],[d_5_del,8]
%1.04307e-06,5.44757e-05,0.00567499,0.01585,0.0687008,0.0195159,0.128381,0.354594,0.104771,0.301626,0.000827808,3.30043e-06,2.22843e-08,0,0,0,0,0,0,0,0
#[d_gene,0],[d_5_del,9]
%0,0.00058021,0.00402,0.00680987,0.0458945,0.0540718,0.188527,0.280407,0.416253,0.00338782,4.88548e-05,4.34796e-10,0,0,0,0,0,0,0,0,0
#[d_gene,0],[d_5_del,10]
%0.000675019,0.00394168,0.0670461,0.0282843,0.0530307,0.171294,0.308326,0.366581,0.000820976,1.22052e-09,1.3549e-27,0,0,0,0,0,0,0,0,0,0
#[d_gene,0],[d_5_del,11]
%1.8832e-05,4.53368e-06,0.017004,0.0215153,0.0427881,0.419569,0.498761,0.00033918,7.7633e-13,8.15171e-30,0,0,0,0,0,0,0,0,0,0,0
#[d_gene,0],[d_5_del,12]
%1.87479e-05,0.000366618,0.00871141,0.0265214,0.136589,0.826257,0.00153574,1.0361e-23,4.40367e-25,0,0,0,0,0,0,0,0,0,0,0,0
#[d_gene,0],[d_5_del,13]
%0,0.00530717,0.00418507,0.0993123,0.890434,0.000759632,1.25276e-06,2.76098e-07,0,0,0,0,0,0,0,0,0,0,0,0,0
#[d_gene,0],[d_5_del,14]
%0,0,0,8.42536e-09,0.765017,0.00241592,0.232567,0,0,0,0,0,0,0,0,0,0,0,0,0,0
#[d_gene,0],[d_5_del,15]
%0,0,0,0.0067624,0.728459,0.264779,0,0,0,0,0,0,0,0,0,0,0,0,0,0,0
#[d_gene,0],[d_5_del,16]
%0,0,0,0,1,0,0,0,0,0,0,0,0,0,0,0,0,0,0,0,0
#[d_gene,0],[d_5_del,17]
%0,0,0,0,0,0,0,0,0,0,0,0,0,0,0,0,0,0,0,0,0
#[d_gene,0],[d_5_del,18]
%0,0,0,0,0,0,0,0,0,0,0,0,0,0,0,0,0,0,0,0,0
#[d_gene,0],[d_5_del,19]
%0,0,0,0,0,0,0,0,0,0,0,0,0,0,0,0,0,0,0,0,0
#[d_gene,0],[d_5_del,20]
%0,0,0,0,0,0,0,0,0,0,0,0,0,0,0,0,0,0,0,0,0
#[d_gene,1],[d_5_del,0]
%0,0,0,0,0,0.0164591,8.33352e-06,0.0026026,0.104448,0,0.851444,0.0153499,0,0,2.6368e-07,0.00455143,1.3077e-24,0,2.17045e-06,0,0.00513363
#[d_gene,1],[d_5_del,1]
%0,0,0.390677,1.92823e-05,0.000719937,0.0453581,0.0392218,0.0247272,0.00110686,0.00273756,0.0186233,0.0148695,0.0659341,0.000635306,0.00324338,0.145749,0.00371837,5.05346e-36,2.08431e-09,4.56532e-06,0.242655
#[d_gene,1],[d_5_del,2]
%0.0107436,0,0.000412415,0.0371365,1.27973e-05,0.00703382,0.142943,0.0447792,0.0701409,0.0406762,0.0544751,0.0922045,0.131488,0.0168248,0.0471549,0.210923,0.029498,2.24812e-07,0,0.000109097,0.063443
#[d_gene,1],[d_5_del,3]
%0,0,0.0821634,0.000733883,0.00416724,0.0857273,0.0284502,0.0208738,0.00973954,0.0338679,0.0120473,0.0420474,0.0313763,0.014067,0.047501,0.42681,0.0796231,0,0,0.000129436,0.0806755
#[d_gene,1],[d_5_del,4]
%0,0,0.00995267,0.0389276,3.79854e-05,0.0171055,0.113569,0.0108011,0.040986,0.0965579,0.0160771,0.0554861,0.0492883,0.0713973,0.0610315,0.185076,0.147629,1.55779e-10,0,1.20052e-05,0.0860647
#[d_gene,1],[d_5_del,5]
%0.00561892,0,0.00179932,0.00452751,0.00557887,0.0246402,0.135325,0.0561696,0.0676401,0.0459218,0.0217137,0.105933,0.11482,0.0361291,0.0340725,0.122066,0.190966,1.11449e-05,0.000368875,0.0266971,0
#[d_gene,1],[d_5_del,6]
%0.00161557,0,0.018603,0.0113494,0.0237735,0.115577,0.0785721,0.124027,0.0617846,0.11313,0.0297147,0.0487149,0.101461,0.00394975,0.0294113,0.225231,0.00670111,0.00050192,0.00588152,0,0
#[d_gene,1],[d_5_del,7]
%0,4.2315e-17,0.0168044,6.02233e-06,0.00485745,0.12657,0.107894,0.105725,0.0257683,0.101746,0.00798728,0.0329128,0.0259237,0.0233392,0.403433,0.0103228,0.00183739,0.00487291,0,0,0
#[d_gene,1],[d_5_del,8]
%0.00048917,0,0.0125771,0.0345699,0.00883527,0.0907215,0.109568,0.13369,0.0669239,0.0903866,0.0767889,0.0488813,0.0363985,0.282943,0.00601386,0.000705141,0.00050789,0,0,0,0
#[d_gene,1],[d_5_del,9]
%1.3224e-18,0,0.00393605,0.00791171,0.00369373,0.155868,0.157035,0.141012,0.050583,0.0253705,0.0318825,0.0436862,0.358485,0.0178245,0.00250348,0.000209215,0,0,0,0,0
#[d_gene,1],[d_5_del,10]
%1.84694e-05,9.15858e-06,0.0641239,0.0180208,0.00519044,0.151151,0.1953,0.0675035,0.0420542,0.0736025,0.0209081,0.360515,0.00119707,0.00022371,0.000182299,0,0,0,0,0,0
#[d_gene,1],[d_5_del,11]
%4.02458e-05,0.013192,0.00366269,0.00070743,0.01725,0.299386,0.102286,0.195645,0.0464757,0.143098,0.17594,0.00218076,4.7298e-06,0.000130169,0,0,0,0,0,0,0
#[d_gene,1],[d_5_del,12]
%0.0047935,2.51703e-05,0.0040608,0.000735329,0.0097726,0.0531503,0.0255054,0.398196,0.0827096,0.418077,0.00136884,0.00154005,6.5617e-05,0,0,0,0,0,0,0,0
#[d_gene,1],[d_5_del,13]
%0.000281545,6.96154e-05,0.0586141,0.0240285,0.206722,0.145618,0.129027,0.244156,0.187729,0.00349417,3.12265e-06,0.000257455,0,0,0,0,0,0,0,0,0
#[d_gene,1],[d_5_del,14]
%0.00622322,0.00904987,0.0865836,0.151992,0.153956,0.135552,0.257879,0.198288,0.000317642,6.27726e-07,0.000157674,0,0,0,0,0,0,0,0,0,0
#[d_gene,1],[d_5_del,15]
%0.000927206,0.00827858,0.046036,0.059084,0.201589,0.385614,0.29777,0.00051067,2.03395e-07,0.000190546,0,0,0,0,0,0,0,0,0,0,0
#[d_gene,1],[d_5_del,16]
%0.0396487,0.048475,0.0751538,0.0489816,0.440333,0.342555,0.00184451,0.0010557,0.00195293,0,0,0,0,0,0,0,0,0,0,0,0
#[d_gene,1],[d_5_del,17]
%0,0.169497,0.155638,0.137136,0.518185,0.00283106,0.000418767,0.0162933,0,0,0,0,0,0,0,0,0,0,0,0,0
#[d_gene,1],[d_5_del,18]
%0,0,0.0045767,0.000105568,4.24605e-06,0.00358785,0.991726,0,0,0,0,0,0,0,0,0,0,0,0,0,0
#[d_gene,1],[d_5_del,19]
%0,0,0,0.00199076,0.046047,0.951962,0,0,0,0,0,0,0,0,0,0,0,0,0,0,0
#[d_gene,1],[d_5_del,20]
%0,0,0,0,1,0,0,0,0,0,0,0,0,0,0,0,0,0,0,0,0
#[d_gene,2],[d_5_del,0]
%0,0,0,0,0,0.0438962,0.00127884,0.0661202,0.186909,0,0.201872,0.0325855,0,0,4.197e-06,0.00214792,7.78703e-07,0,4.77248e-05,0,0.465138
#[d_gene,2],[d_5_del,1]
%0,0.021663,0.000294218,0.172714,0.0325081,0.0100305,0.228774,0.000764761,0.00180345,0.00285829,0.0174366,0.020324,0.208999,0.00335589,0.00312869,0.11487,0.00260922,0,0,2.76422e-07,0.157866
#[d_gene,2],[d_5_del,2]
%0,0,0.0616829,3.25342e-05,0.0010585,0.0186928,0.122765,0.0295175,0.0997208,0.0477905,0.0475197,0.102155,0.13952,0.0448397,0.0610657,0.135256,0.0187243,3.33611e-08,0,5.06863e-05,0.0696087
#[d_gene,2],[d_5_del,3]
%0,0.000998194,0.0642834,2.04703e-07,5.09424e-06,0.0275344,0.0474509,0.0271399,0.0206884,0.0769417,0.0345061,0.0978031,0.0317009,0.019825,0.0505506,0.342809,0.0671942,8.38516e-10,0,0.000705277,0.0898636
#[d_gene,2],[d_5_del,4]
%0,0.00777183,2.5119e-05,0.00328799,8.09768e-05,0.0392696,0.142247,0.180737,0.0581895,0.113141,0.0257377,0.0645862,0.0574955,0.0488576,0.0405881,0.093919,0.0598198,2.02677e-12,6.78446e-07,3.70718e-05,0.0642085
#[d_gene,2],[d_5_del,5]
%0,0.00522145,0.0227642,0.018115,0.000431795,0.0465787,0.226302,0.0716655,0.0596134,0.0560508,0.0296746,0.103403,0.1265,0.025035,0.0205341,0.0725812,0.0778306,3.45836e-06,0.000518974,0.0371775,0
#[d_gene,2],[d_5_del,6]
%6.90551e-06,7.45389e-07,0.0123183,8.80174e-05,0.000279218,0.0225555,0.226909,0.0466215,0.0892914,0.161586,0.0395306,0.0470289,0.106401,0.00410087,0.0254157,0.185746,0.00967383,0.000786501,0.0216603,0,0
#[d_gene,2],[d_5_del,7]
%0,0.00826413,0.0711147,0.0042557,0.00565649,0.0712494,0.140967,0.119578,0.0426284,0.135616,0.0113979,0.0392945,0.0270975,0.0136359,0.242834,0.00801468,0.0260116,0.0323839,0,0,0
#[d_gene,2],[d_5_del,8]
%0.000264326,0.00188248,0.038067,0.0102799,0.00084295,0.0459272,0.270918,0.0982315,0.0748742,0.119076,0.0956536,0.0509082,0.0250201,0.150592,0.0102203,0.0050255,0.00221694,0,0,0,0
#[d_gene,2],[d_5_del,9]
%0.00568476,0.00020148,0.0506883,0.0177039,0.0135435,0.044272,0.261246,0.139218,0.080913,0.0422676,0.0413752,0.0421061,0.233482,0.0225023,0.00280769,0.00198804,0,0,0,0,0
#[d_gene,2],[d_5_del,10]
%0.014132,0.0160995,0.0627152,0.0313486,0.00572625,0.00929025,0.389213,0.046203,0.06404,0.0856577,0.0241794,0.246577,0.00119544,0.00210896,0.0015133,0,0,0,0,0,0
#[d_gene,2],[d_5_del,11]
%0,2.52123e-05,0.133488,0.0417335,0.0278047,0.0997553,0.283659,0.0506976,0.0510288,0.126464,0.182596,0.00224839,2.40801e-05,0.000475902,0,0,0,0,0,0,0
#[d_gene,2],[d_5_del,12]
%0,0,0.0197855,0.0114586,0.0367536,0.00914557,0.11681,0.0284007,0.146306,0.621558,0.00345686,0.00614439,0.000181046,0,0,0,0,0,0,0,0
#[d_gene,2],[d_5_del,13]
%0,0.000176778,0.0292005,0.0210958,0.0613671,0.033612,0.541471,0.102507,0.206903,0.00264546,4.42649e-05,0.000976491,0,0,0,0,0,0,0,0,0
#[d_gene,2],[d_5_del,14]
%0.0143539,0.00453491,0.00349506,0.0111979,0.144682,0.0845863,0.366269,0.369694,0.000479559,2.50239e-07,0.000706718,0,0,0,0,0,0,0,0,0,0
#[d_gene,2],[d_5_del,15]
%1.74112e-09,0.00625071,3.61255e-06,0.00251362,0.08757,0.163316,0.73579,0.00440713,8.38139e-08,0.000149303,0,0,0,0,0,0,0,0,0,0,0
#[d_gene,2],[d_5_del,16]
%0.000114182,0.00582645,0.0128927,0.0277777,0.358886,0.583401,0.00523952,0.0047377,0.00112491,0,0,0,0,0,0,0,0,0,0,0,0
#[d_gene,2],[d_5_del,17]
%0,0.138526,0.184466,0.169786,0.491781,0.00287059,0.000450039,0.0121205,0,0,0,0,0,0,0,0,0,0,0,0,0
#[d_gene,2],[d_5_del,18]
%0,0,0.00286714,6.92706e-05,4.68543e-07,0.00604379,0.991019,0,0,0,0,0,0,0,0,0,0,0,0,0,0
#[d_gene,2],[d_5_del,19]
%0,0,0,0.000353481,0.0275838,0.972063,0,0,0,0,0,0,0,0,0,0,0,0,0,0,0
#[d_gene,2],[d_5_del,20]
%0,0,0,0,1,0,0,0,0,0,0,0,0,0,0,0,0,0,0,0,0
@j_5_del
$Dim[15,23]
#[j_choice,0]
%0.00134088,0,0.0132238,0.0308119,0.0625821,0.147596,0.0964261,0.133882,0.136747,0.136848,0.0417235,0.0730447,0.0319135,0.00198211,0.0472753,0.0290986,0.00478682,4.73879e-07,0.0013586,6.17218e-37,0,0.00752075,0.00183733
#[j_choice,1]
%0,3.92937e-05,0.00830678,0.0050599,0.0584722,0.0230699,0.0736822,0.066002,0.2354,0.127725,0.0968592,0.0899584,0.156824,0.00776085,0.0130784,0.00941427,0.00850274,0.00212355,0.000648815,0.00615204,0.00471804,1.38521e-35,0.00620303
#[j_choice,2]
%0,0.0321283,0.0346544,0.00214411,0.278252,0.0646666,0.1157,0.040111,0.172012,0.0609833,0.0118636,0.0667409,0.0511037,0.010645,0,0.010314,1.20039e-09,0,0,0.0166297,0,0.0146568,0.0173943
#[j_choice,3]
%0.00521476,0.00268634,0.0262967,0.000324076,0.0528499,0.0310763,0.0158656,0.0436012,0.0938085,0.0795658,0.0475487,0.148196,0.187896,0.0598636,0.0131515,0.0171026,2.80424e-12,0.00378959,0.000197106,0,0,0.153394,0.0175718
#[j_choice,4]
%0,1.31232e-05,0.0674644,0.0536203,0.0490504,0.0475463,0.157189,0.105038,0.100447,0.10764,0.104161,0.0940537,0.0199774,0.0299656,0.0144987,0.0350446,0.00095494,2.08343e-06,0.00262864,0.00663638,1.02743e-36,0.000834805,0.00323296
#[j_choice,5]
%0,0.030751,0.000603074,0.001725,0.0312047,0.0416126,6.43701e-06,0.0843293,0.0269542,0.0794576,0.131451,0.0380781,0.120092,0.131549,0.162864,0.0374406,0,0,0.0596694,3.33772e-05,0.0221785,3.43181e-26,0
#[j_choice,6]
%0,0.0254896,0.073495,0.0105116,0.00276157,0.0306994,0.0249283,0.0485067,0.051962,0.101475,0.0909146,0.148037,0.0896803,0.0936789,0.0805479,0.0199893,0.029036,0.0160125,0.0499813,2.79352e-09,0.00623528,0,0.0060581
#[j_choice,7]
%2.27918e-05,0.00426949,0.0465968,0.0133035,0.038508,0.0528622,0.0549614,0.065388,0.129898,0.0988605,0.128274,0.0863465,0.110431,0.0616442,0.039563,0.00819879,0.0168133,0.00754239,0.00917497,0.0132277,0.00377175,0.000955648,0.00938549
#[j_choice,8]
%0.00289371,0.000253282,0.0102386,0.00114209,0.0714718,0.0841672,0.105041,0.102235,0.118249,0.125721,0.116977,0.105713,0.00529737,0.0663247,0.00494183,0.00126262,1.72264e-08,0.00789435,0,1.36318e-05,0,0.0614339,0.00872931
#[j_choice,9]
%3.01371e-07,0,0.0324051,0.0207727,0.0443997,0.104985,0.230117,0.0947816,0.152865,0.090966,0.104225,0.0626067,0.0180659,0.0117573,0.0108087,0.00504558,0,0.000714517,0.00538642,5.40162e-08,0.000922182,0.00250929,0.00666574
#[j_choice,10]
%0.000176617,8.09146e-05,0.0776775,0.0986208,0.0660385,0.0837346,0.0481256,0.0790077,0.0587412,0.0714017,0.0609457,0.0581714,0.0886291,0.0260282,0.0093806,0.0112788,0.00494352,0.0120424,0.00139746,0.0108639,9.16278e-16,0,0.132714
#[j_choice,11]
%0,4.02886e-06,0.0215688,0.00403769,0.0162868,0.0687778,0.206317,0.115639,0.134876,0.297889,0.0459554,0.0387531,0.0054872,0.00732781,0.00519485,0.00259686,0.00287735,0.000354949,0.00342217,0.00216848,8.25353e-05,0.0194189,0.000963095
#[j_choice,12]
%4.31188e-05,4.40994e-05,0.0219092,0.00540311,0.135815,0.064109,0.0639718,0.039985,0.0378876,0.0266432,7.4361e-05,0.00355247,0.00463945,1.41212e-23,0,0,0.00368803,0,0,0,0,0,0.592235
#[j_choice,13]
%2.47739e-06,0.00417997,0.0376236,0.00281931,0.0732806,0.0761485,0.125348,0.223758,0.144635,0.111894,0.087202,0.0616257,0.0122025,0.0179927,0.00149923,0.00192277,0.00860417,0.000999416,0.00394707,0.00197284,0.00029726,0.000990628,0.00105431
#[j_choice,14]
%0,0,0,0,0,0,0,0,0,0,0,0,0,0,0,0,0,0,0,0,0.014662,0.387688,0.59765
@vd_ins
$Dim[31]
#
%0.0454903,0.0565655,0.103841,0.137463,0.128436,0.115,0.079821,0.076938,0.0557823,0.0538971,0.0371887,0.0303619,0.0204429,0.0139216,0.0147581,0.00817595,0.00668573,0.00410418,0.00244657,0.0013061,0.00257991,0.000396861,0.000826296,0.00143151,0.000597759,0.000381039,2.91847e-07,0.000335311,5.06423e-06,1.30131e-05,0.000806916
@vd_dinucl
$Dim[16]
#
%0.27091,0.293512,0.254396,0.181181,0.1486,0.485035,0.191428,0.174938,0.231983,0.201804,0.389433,0.17678,0.214616,0.340015,0.19435,0.251019
@dj_ins
$Dim[31]
#
%0.0706606,0.0531571,0.098135,0.126528,0.127814,0.11443,0.0927911,0.0644314,0.0537974,0.040373,0.034056,0.0257182,0.0184182,0.0142678,0.0134783,0.00869714,0.0102027,0.00883351,0.00501894,0.00583219,0.00444367,0.00204206,0.00166214,0.00132072,0.000544433,0.00214158,0.000309659,0.000166194,2.78438e-06,0.000251091,0.000474356
@dj_dinucl
$Dim[16]
#
%0.282595,0.178977,0.368313,0.170115,0.223303,0.3382,0.228968,0.209529,0.211953,0.175577,0.463054,0.149416,0.200512,0.267706,0.253319,0.278463
