@v_choice
$Dim[89]
#
%0.00357234,0.00445336,0.00438973,0.00927378,0.00544357,0.00972038,0.00984243,0.00238156,0.0204134,0,0,0.00765501,0.00374245,0.00331717,0.0162249,0.0164365,0,0.00382751,0.00391256,0.0102067,0,0.0128434,0,0.000680446,0,0.0220294,0.0082504,0.00986646,0,0.0401463,0.188398,0.0199881,0.00910096,0,0.0376797,0.0212639,0.00944118,0,0.00884579,0,0.00824764,0.00978417,0.00476312,0,0,0.0128434,0.0138641,0.0301097,0,0.0421876,0.001531,0,0.0036574,0,0.0105469,0.00620907,0.000765501,0.000935613,0.00799524,0.0102302,0.0100981,0.0158204,0.0542655,0.0119078,0,0.00136089,0.00119078,0.00204134,0,0.0524794,0,0,0,0.0279833,0.0269627,0,0,0.00782513,0.00986646,0.00280484,0.00416973,0.0108021,0,0.0280684,0,0,0,0,0.0453347
@j_choice
$Dim[15]
#
%0.10136,0.0682147,0.0170873,0.0377647,0.0922004,0.00935613,0.0154801,0.152845,0.0737433,0.0825906,0.0393776,0.0836964,0.0575239,0.167971,0.000788924
@d_gene
$Dim[15,3]
#[j_choice,0]
%0.805709,0.133926,0.0603641
#[j_choice,1]
%0.830912,0.110437,0.058651
#[j_choice,2]
%0.858681,0.0580002,0.0833186
#[j_choice,3]
%0.827217,0.12771,0.0450729
#[j_choice,4]
%0.866064,0.0759545,0.0579811
#[j_choice,5]
%0.935555,0.0255963,0.0388489
#[j_choice,6]
%0.739346,0.0901365,0.170517
#[j_choice,7]
%0.254341,0.326472,0.419187
#[j_choice,8]
%0.394961,0.264485,0.340554
#[j_choice,9]
%0.307974,0.318124,0.373902
#[j_choice,10]
%0.517632,0.20383,0.278538
#[j_choice,11]
%0.419383,0.293265,0.287352
#[j_choice,12]
%0.446599,0.468381,0.0850207
#[j_choice,13]
%0.490243,0.17866,0.331096
#[j_choice,14]
%0.915238,0.072771,0.0119907
@v_3_del
$Dim[89,21]
#[v_choice,0]
%0,0.0175015,0.0247157,0.0942028,0.0139133,0.0921258,0.0970396,0.245152,0.200374,0.104808,0.0796424,0.0305244,1.35469e-07,3.99108e-15,8.384e-22,2.13452e-31,4.80889e-36,6.22732e-43,0,0,0
#[v_choice,1]
%0.00524418,0,0.016104,0.0213109,0.0220983,0.0454902,0.0442945,0.131602,0.0743723,0.0646392,0.137733,0.136977,0.120432,0.0620754,0.0465522,0.0140053,0.0474633,1.27772e-10,0,0,0.00960536
#[v_choice,2]
%0.00520819,0,0.0161688,0.0213943,0.0221891,0.0456595,0.0443238,0.131923,0.0742203,0.0645531,0.138163,0.137181,0.120391,0.0617845,0.046176,0.0138241,0.0472144,0,0,0,0.00962692
#[v_choice,3]
%0,0,0.011708,0.0258431,0.0393196,0.0117055,0.0489897,0.0950321,0.146576,0.0478723,0.210959,0.124331,0.154047,0.0304658,0.0531296,2.13378e-05,3.80034e-10,2.44706e-18,2.69334e-26,1.76173e-34,6.96749e-43
#[v_choice,4]
%0,0,0.00441786,0.0368754,0.0379948,0.0449415,0.123117,0.106364,0.0853286,0.0985088,0.13313,0.125205,0,0.0234664,0.0791999,0.0595347,0.0303524,2.72593e-33,0,0.0115628,4.54069e-13
#[v_choice,5]
%0,7.25815e-05,0.0219036,0.0068545,0.042413,0.00733931,0.0455245,0.0817188,0.112305,0.0723006,0.122825,0.132322,0.0992567,0.00784691,0.114943,0.123684,2.37523e-06,0,0,0,0.00868828
#[v_choice,6]
%0,7.42161e-05,0.0217841,0.00686109,0.0422164,0.00738636,0.0454137,0.0814849,0.112038,0.0723325,0.122724,0.132579,0.0997418,0.00812395,0.114851,0.123675,7.1005e-06,8.69019e-24,0,0,0.00870571
#[v_choice,7]
%0,0,0.0297462,0.0360964,0.0393839,0,0.00052175,0.0915437,0.282122,0.36633,0.0769695,9.19196e-08,0,0.0404011,5.00914e-08,0.0367519,0.000133882,1.51341e-16,2.42329e-39,0,0
#[v_choice,8]
%0,0,0.000787804,0.0499514,0.0163324,0.151692,0.0524245,0.0975803,0.142964,0.305486,0.0650878,0.0506873,0.0357565,0.0110518,1.04924e-05,0.00300347,0.00403816,0.00470877,0,0.00843771,1.73084e-10
#[v_choice,9]
%0,0,0,0,0,0,0,0,0,0,0,0,0,0,0,0,0,0,0,0,0
#[v_choice,10]
%0,0,0,0,0,0,0,0,0,0,0,0,0,0,0,0,0,0,0,0,0
#[v_choice,11]
%0,0,0,0,0.00946622,0.105677,0.0875721,0.14135,0.145402,0.241868,0.117363,0.0593534,0.0450387,0.012054,4.10866e-07,0.018296,0.0165592,2.11605e-10,1.22451e-21,1.2293e-30,4.27933e-39
#[v_choice,12]
%0,0,0.0192158,0.000955717,0.0172314,0.0977287,0.0652173,0.144735,0.0814281,0.463144,0.0188715,0,0.0399,0.0288449,2.72929e-09,0,0,0,0,0,0.0227275
#[v_choice,13]
%0,0,0.01914,0.0184898,0.0664905,0.143966,6.56279e-07,0.194172,0.125609,0.296206,0.0556528,1.93526e-26,0.0187538,0.0615198,1.06392e-07,7.65024e-14,8.45592e-22,1.53727e-29,1.53642e-37,1.18371e-45,0
#[v_choice,14]
%0,0.0024101,2.63316e-06,0.00543561,0.00512846,0.0303753,0.0482852,0.160307,0.0824544,0.192131,0.246748,0.143753,0.0325979,0.000780772,0.0323229,0.00924389,0.00541772,0,0,0,0.00260616
#[v_choice,15]
%0,0.00241172,2.92414e-06,0.00542705,0.00513416,0.0301748,0.0480078,0.159494,0.0825186,0.191756,0.246131,0.144317,0.033287,0.00085407,0.0328492,0.00944784,0.00557671,2.68232e-11,0,0,0.00260999
#[v_choice,16]
%0,0,0,0,0,0,0,0,0,0,0,0,0,0,0,0,0,0,0,0,0
#[v_choice,17]
%0,0,0.0467433,0.0561484,0.0151807,0.156676,0.186138,0.174775,0.00197094,0.128229,0.0687626,0.0311192,0,0.0416944,1.91764e-10,0.0703372,3.4104e-13,0,0,0,0.0222256
#[v_choice,18]
%0,0,0,0.0641042,1.65621e-08,0.0557819,0.14977,0.112996,0.112829,0.422725,0,0.0381467,0,0,0.0436483,2.71788e-12,1.0339e-17,8.29376e-26,1.08516e-33,2.77307e-42,0
#[v_choice,19]
%0.00327857,0.00275921,0.00595666,0.0784363,0.191082,0.152299,0.11762,0.132826,0.200379,2.6643e-05,0.0321072,0.031532,0.0210249,0.0084439,3.41962e-35,0.00554588,2.08895e-08,0,0,0.0166833,1.5848e-11
#[v_choice,20]
%0,0,0,0,0,0,0,0,0,0,0,0,0,0,0,0,0,0,0,0,0
#[v_choice,21]
%0,0.00605872,0.000727881,0.118376,0.0439239,0.170632,0.0707004,0.163202,0.047528,0.211371,0.0223981,0.0324948,0.052445,0.0203558,0.0159591,0.0105792,7.58115e-07,0,0,0,0.0132477
#[v_choice,22]
%0,0,0,0,0,0,0,0,0,0,0,0,0,0,0,0,0,0,0,0,0
#[v_choice,23]
%0,0,0,0,0.0845296,0.134825,0.148341,0,0.198973,0.176004,0,0.132252,0,0,0,0.124622,0.000454172,2.25684e-12,2.96005e-20,8.04157e-29,4.09293e-37
#[v_choice,24]
%0,0,0,0,0,0,0,0,0,0,0,0,0,0,0,0,0,0,0,0,0
#[v_choice,25]
%0,0.0017079,0.000483898,0.0426719,0.0349937,0.0763578,0.184812,0.211641,0.135917,0.0955012,0.121986,0.000262382,0.0525516,0.0117789,0.0250148,0.00431966,2.39805e-08,5.95818e-16,6.19959e-24,3.23666e-33,7.70676e-42
#[v_choice,26]
%0,0,0,0.00635369,0.012526,0.0367731,0.0216441,0.0334008,0.0752837,0.180508,0.0689272,0.149324,0.113091,0.0829164,0.0964676,0.0743675,0.0174319,1.39774e-24,0,0,0.0309844
#[v_choice,27]
%0.017219,1.86847e-09,0,0.00230134,0,0.00730941,0.080498,0.109485,0.0955727,0.187825,0.208868,0.10606,0.059064,0.0403121,0.0378614,0.0389961,5.24826e-06,0,0,0,0.00862292
#[v_choice,28]
%0,0,0,0,0,0,0,0,0,0,0,0,0,0,0,0,0,0,0,0,0
#[v_choice,29]
%1.37056e-05,0.00923044,0.00159152,0.0827004,0.028968,0.105829,0.0354586,0.203328,0.0625127,0.121966,0.228629,0.0571946,0.0170779,0.0208435,0.0105226,0.0051612,0.0045577,0.00198715,0.00242841,6.38504e-09,5.43381e-19
#[v_choice,30]
%4.8734e-05,0.0016378,0.00693133,0.0576014,0.0947847,0.0833566,0.103317,0.144546,0.15813,0.0412734,0.09864,0.0625216,0.0767361,0.0184096,0.0181408,0.0218452,0.00382191,0.00284589,0.000319419,0.000522685,0.00456984
#[v_choice,31]
%0.00275959,0.00445945,0.012848,0.00491419,0.074251,0.0236859,0.0754499,0.153356,0.203035,0.113261,0.0302215,0.0601254,0.0454951,0.119135,0.013143,0.0156809,0.0329269,0.00672083,1.8895e-20,0,0.00853194
#[v_choice,32]
%0,0,0.00220355,0.0306159,0.0435724,0.118137,0.0799159,0.187604,0.0568374,0.105821,0.096408,0.0652045,0.0879566,0.0211546,0.0303482,0.031749,1.64432e-06,0.0142061,0,0.0065329,0.0217304
#[v_choice,33]
%0,0,0,0,0,0,0,0,0,0,0,0,0,0,0,0,0,0,0,0,0
#[v_choice,34]
%0,0,0.00160145,0.000146374,0.000481885,0.065746,0.0853651,0.0697536,0.143068,0.240465,0.100005,0.13531,0.0930342,0.0134922,0.0192876,0.0275632,9.55215e-07,0.00241588,1.5725e-44,0,0.00226385
#[v_choice,35]
%0,0,0.002974,0,0.0183153,0.0215573,0.0537872,0.157353,0.132487,0.208125,0.163905,0.0697477,0.0953481,0.029039,0.0168443,0.0225039,4.52107e-06,1.21532e-40,0,0.00274407,0.00526413
#[v_choice,36]
%0,0,0.00596892,0.0094633,0.013863,0.0145718,0.0748736,0.156679,0.0738874,0.100302,0.181309,0.187893,0.118279,1.15379e-35,0.0174571,0.00145353,0.00849334,0.0251864,0.010318,1.67824e-10,2.46941e-21
#[v_choice,37]
%0,0,0,0,0,0,0,0,0,0,0,0,0,0,0,0,0,0,0,0,0
#[v_choice,38]
%0,0,0.0213721,0.120568,0.0864236,0.0973919,0.138416,0.103797,0.242862,0.113463,0.012509,0.03297,0.0109946,1.91461e-48,0,0,0,0.0080244,0.0112079,7.9983e-10,6.06469e-17
#[v_choice,39]
%0,0,0,0,0,0,0,0,0,0,0,0,0,0,0,0,0,0,0,0,0
#[v_choice,40]
%0,0.0310091,1.90981e-08,0.110395,0.158681,0.0693394,0.10367,0.12766,0.212362,0.026426,0.0387461,0.0348922,0.0338665,0.00907728,0.011985,0.00625516,9.33979e-05,0.0151621,1.11496e-45,0,0.0103796
#[v_choice,41]
%0,0.00225278,0.000128595,0.168862,0.0972258,0.142324,0.0637669,0.137335,0.182505,0.061534,0.047227,0.0227803,0.034869,3.5392e-12,0.00192314,0.0206908,3.95243e-07,0,0.00801679,0,0.00855872
#[v_choice,42]
%0,0,0.061643,0.0426999,0.0475835,0.143888,0.0355013,0.273191,0.159494,0.0962716,0.0503248,0.010659,0.0596162,3.62604e-06,0.0191236,5.63046e-10,6.65889e-18,4.19042e-26,1.4052e-34,5.15111e-40,2.31403e-48
#[v_choice,43]
%0,0,0,0,0,0,0,0,0,0,0,0,0,0,0,0,0,0,0,0,0
#[v_choice,44]
%0,0,0,0,0,0,0,0,0,0,0,0,0,0,0,0,0,0,0,0,0
#[v_choice,45]
%0.0125687,6.20383e-37,0.00257241,0.132208,0.1179,0.181526,0.101961,0.119838,0.140581,0.0766246,0.0428239,0.00353755,0.012727,0.0107088,0.0151989,0.0222053,1.4804e-07,0.00701889,1.45064e-13,5.07875e-23,1.7563e-27
#[v_choice,46]
%0.00129511,0,1.96334e-05,0.109589,0.105371,0.274717,0.0286401,0.124791,0.190108,0.100038,0.000371969,0.00941981,0.0298552,0.0066839,0.00627908,0.00668412,3.33383e-07,0,0,0,0.00613599
#[v_choice,47]
%0,0.000630162,0.0051776,0.155698,0.150012,0.162444,0.0690257,0.181389,0.176348,0.0436272,0.0168534,0.00297492,0.0186018,0.00166261,0.00602381,0.0045007,0.00503097,9.43384e-12,4.64841e-18,1.40856e-24,7.88093e-31
#[v_choice,48]
%0,0,0,0,0,0,0,0,0,0,0,0,0,0,0,0,0,0,0,0,0
#[v_choice,49]
%0,0,0.00103661,0.00315327,0.0988881,0.163335,0.0729826,0.179611,0.31709,0.0588085,0.017895,0.0619728,0.00577387,0.00627178,0.00553243,0.00332045,0.00432862,2.33828e-10,8.82032e-18,6.96035e-26,7.84568e-33
#[v_choice,50]
%0,0,0,0,0.180327,0.282488,0.149994,0.0626938,0.047066,0.147275,0.130157,7.45894e-12,1.26191e-21,6.57696e-30,1.14838e-40,1.82317e-45,0,0,0,0,0
#[v_choice,51]
%0,0,0,0,0,0,0,0,0,0,0,0,0,0,0,0,0,0,0,0,0
#[v_choice,52]
%0,0,0,0,0.0080323,0.217491,0.0209482,0.216337,0.422632,0,0.0615891,0.0529707,2.32507e-10,3.93834e-17,7.13767e-26,1.13806e-30,1.59939e-38,1.51365e-46,0,0,0
#[v_choice,53]
%0,0,0,0,0,0,0,0,0,0,0,0,0,0,0,0,0,0,0,0,0
#[v_choice,54]
%0,0,0.0169795,0.00851294,0.111212,0.143054,0.0597498,0.155071,0.282063,0.122227,0.0341404,0.0245961,0.0115223,0.0308707,1.41483e-11,1.81749e-16,1.19725e-24,8.43775e-33,2.27205e-41,0,0
#[v_choice,55]
%0,0,0.0184844,1.30605e-05,0.170982,0.199989,0.0187007,0.307301,0.184234,0.0721092,4.50962e-07,0,0.01415,3.53886e-35,0.0140183,1.71652e-05,8.84255e-14,5.14462e-22,1.53009e-30,3.90415e-38,3.94395e-46
#[v_choice,56]
%0,0,0,0,0.0219015,0.182715,0.088954,0.081907,0.49903,0.125493,3.09001e-09,1.03749e-18,1.06079e-26,9.92547e-34,3.26624e-44,0,0,0,0,0,0
#[v_choice,57]
%0,0,0,0,0.062282,0.000108502,0.070552,0.023937,0.628255,0.214785,8.06683e-05,1.7333e-12,2.21282e-18,1.50618e-23,1.92351e-31,6.30338e-36,9.02912e-44,0,0,0,0
#[v_choice,58]
%0.00701145,0.0132864,0.00156408,0.0120114,2.19734e-11,0.10248,0.126236,0.0976002,0.0843419,0.087613,0.157076,0.169494,0.0600686,0.00631479,0.0389929,0.019163,0.0157054,1.98186e-41,0.00104172,5.05997e-12,7.21296e-20
#[v_choice,59]
%0,0.00383574,0.000223183,0.0456165,0.0151513,0.0155574,0.124222,0.150664,0.0732127,0.0280752,0.220623,0.193002,0.0406831,0.0195323,0.0513877,0.0136129,1.83455e-06,0.00459885,2.44669e-11,7.76984e-20,8.10195e-28
#[v_choice,60]
%0,0.00381226,0.00021615,0.0459043,0.0151482,0.0155442,0.12485,0.151182,0.0730188,0.0278501,0.221381,0.193096,0.0400761,0.0191233,0.0509747,0.013347,8.63316e-07,0.00447541,0,0,0
#[v_choice,61]
%0.00306079,0.000311,0.0556129,0.0261226,0.0308084,0.0196978,0.137828,0.112751,0.1205,0.064755,0.151119,0.0691712,0.0948027,0.0424858,0.0460691,0.0195263,9.1943e-07,0,0,0,0.00537801
#[v_choice,62]
%0.00201626,0.00199091,0.00764206,0.0279572,0.0251716,0.0451519,0.120819,0.156528,0.0692757,0.135794,0.193021,0.0883578,0.0390658,0.0171812,0.0241886,0.0267525,0.00609783,0.00533092,0.00147942,0.000290435,0.00588814
#[v_choice,63]
%0.00508516,0.00929098,0.0241881,0.0283888,0.08582,0.00793958,0.131577,0.109536,0.0454407,0.10336,0.189014,0.134933,0.0763056,0.019156,1.82344e-07,0.0228171,2.0683e-06,0,0,0,0.00714595
#[v_choice,64]
%0,0,0,0,0,0,0,0,0,0,0,0,0,0,0,0,0,0,0,0,0
#[v_choice,65]
%0,0.0195774,0.070239,0.12336,0.0910942,3.993e-06,0.0697102,0.169943,0.0742804,0,0.254448,1.47428e-35,0.0827542,0,0,0.0445873,1.77049e-06,8.99702e-16,3.89209e-24,1.94063e-33,6.85346e-42
#[v_choice,66]
%0,0,0,0,0,0,0.213778,1.15283e-08,0.00231128,0.248671,0.150633,0.0910685,0.0753317,0,0.138355,0.0798455,5.82599e-06,2.3895e-14,1.10363e-22,9.43013e-31,1.36872e-38
#[v_choice,67]
%0,0,0,0,0.0112094,0.0835835,0.100417,0.0582197,0.126498,0.0211256,0.237719,0.00383604,0.262378,0.0494261,6.03489e-14,0.0455867,1.26231e-06,3.19332e-17,1.85581e-25,6.73332e-34,1.04063e-41
#[v_choice,68]
%0,0,0,0,0,0,0,0,0,0,0,0,0,0,0,0,0,0,0,0,0
#[v_choice,69]
%0,0.00246964,0.00378909,0.0216762,0.00582805,0.139107,0.112647,0.0748416,0.127896,0.350659,0.0450731,0.0487842,0.0375359,0.0056882,0.00473513,0.00635582,0.00198201,0.00448837,0.00477994,0,0.0016635
#[v_choice,70]
%0,0,0,0,0,0,0,0,0,0,0,0,0,0,0,0,0,0,0,0,0
#[v_choice,71]
%0,0,0,0,0,0,0,0,0,0,0,0,0,0,0,0,0,0,0,0,0
#[v_choice,72]
%0,0,0,0,0,0,0,0,0,0,0,0,0,0,0,0,0,0,0,0,0
#[v_choice,73]
%0,0,0.00396163,0.00742122,0.00245476,0.107796,0.147612,0.0728024,0.17646,0.31319,0.0372299,0.0501735,0.0224483,0.0111859,0.0168939,0.0166559,0.0107546,0,0.00296005,2.34795e-12,9.74911e-21
#[v_choice,74]
%0.00168683,0.000484751,0.0119119,0.00602116,0.0116638,0.0953294,0.116707,0.0560396,0.218159,0.298626,0.0497334,0.0253786,0.0261397,0.0254453,0.0324826,0.0139832,5.65215e-06,0.00703688,6.90403e-30,0,0.00316536
#[v_choice,75]
%0,0,0,0,0,0,0,0,0,0,0,0,0,0,0,0,0,0,0,0,0
#[v_choice,76]
%0,0,0,0,0,0,0,0,0,0,0,0,0,0,0,0,0,0,0,0,0
#[v_choice,77]
%0,0.0108373,0,0.00610617,0.000166687,0.124791,0.0983285,0.0984888,0.094911,0.358116,0.0954099,0.0243698,0.00257529,0.0403299,1.01547e-06,0.0236263,7.87885e-06,0,0.0110523,0,0.0108822
#[v_choice,78]
%0,0.0074407,0.000161497,0.0135069,2.94443e-06,0.115515,0.106336,0.167372,0.149381,0.307197,0.037989,0.0152976,0.0177537,0.0032731,0.0401829,0.00995813,2.08193e-07,0,0,0.00863182,7.43289e-10
#[v_choice,79]
%0,0,0.0296223,0,0,0.173572,0.136202,0.131007,0.0378747,0.279396,0.0832952,0.094839,0.0341925,1.98755e-11,7.92126e-18,1.20796e-25,6.36907e-26,3.25635e-35,1.0427e-45,0,0
#[v_choice,80]
%0,0,0,0.0248113,0.0104325,0.292949,0.00593053,0.0532467,0.098134,0.411847,0.0165142,0.0215423,0.0187598,3.12624e-06,0,0.0458289,6.12099e-11,7.97096e-13,5.32033e-20,1.70475e-26,5.61461e-33
#[v_choice,81]
%0,0,0.000160704,0.0413045,7.99503e-06,0.136927,0.0945579,0.138998,0.203469,0.282449,0.000175844,0.0515263,0.0254412,0.00895388,0,0.0160275,1.06047e-07,2.66529e-23,2.2446e-33,1.41362e-43,0
#[v_choice,82]
%0,0,0,0,0,0,0,0,0,0,0,0,0,0,0,0,0,0,0,0,0
#[v_choice,83]
%0,1.1808e-05,0.014989,0.0192218,0.000987182,0.0983044,0.129464,0.0643917,0.136568,0.358207,0.0342961,0.0626392,0.0413044,0.0103337,0.0105951,0.00644165,1.04483e-06,0,0.00880453,0.00344027,5.92167e-16
#[v_choice,84]
%0,0,0,0,0,0,0,0,0,0,0,0,0,0,0,0,0,0,0,0,0
#[v_choice,85]
%0,0,0,0,0,0,0,0,0,0,0,0,0,0,0,0,0,0,0,0,0
#[v_choice,86]
%0,0,0,0,0,0,0,0,0,0,0,0,0,0,0,0,0,0,0,0,0
#[v_choice,87]
%0,0,0,0,0,0,0,0,0,0,0,0,0,0,0,0,0,0,0,0,0
#[v_choice,88]
%0,0,0.00460291,0.00410717,0.216428,0.0936409,0.0583258,0.173237,0.276615,0.0260583,0.0549706,0.0280635,0.00409633,0.028968,0.0203547,0.00266844,0.00211986,4.76338e-38,0.00355492,0.00218827,5.63346e-14
@d_5_del
$Dim[3,21]
#[d_gene,0]
%0.0120864,0.00512245,0.054862,0.0183875,0.0805504,0.156,0.148238,0.0971114,0.160688,0.0992459,0.0563424,0.0408357,0.0261462,0.035282,8.05751e-06,0.0012213,0.00787241,0,0,0,0
#[d_gene,1]
%0.00123951,0.00428453,0.0226494,0.0111122,0.0516154,0.0669377,0.0727193,0.0437858,0.079533,0.0902804,0.0533094,0.0493338,0.1819,0.0641546,0.072879,0.056574,0.0446143,0.0242104,0.000421773,0.00247028,0.00597488
#[d_gene,2]
%0.00209094,0.00733129,0.0350663,0.0148931,0.0707742,0.086357,0.0899201,0.0652052,0.136955,0.0952924,0.0564107,0.047129,0.0699695,0.0419875,0.0260883,0.0798767,0.0476614,0.0183377,0.000411677,0.00241031,0.0058314
@d_3_del
$Dim[3,21,21]
#[d_gene,0],[d_5_del,0]
%0,0,0.00710578,0,3.60481e-07,0,0.000811315,0.00366717,0.000124149,0.00653297,0.00135152,0.000809132,0.00011129,0,0,0.00447205,0.00101144,0.000826603,0.0744435,0.076116,0.822617
#[d_gene,0],[d_5_del,1]
%0,0,0,1.54603e-05,0.00392995,0.00594513,0.0171808,0.0207379,0.0444341,0.0261141,0.0975788,0.186516,0.00951564,0,0,0.00206071,0.0955043,0.0638618,0.00239488,0.42421,0
#[d_gene,0],[d_5_del,2]
%0,0,0,0.000231523,0.0396203,0.0424369,0.11493,0.327439,0.0502794,0.155695,0.13954,0.110682,0.00360157,0,0,2.27882e-06,0.00265767,0.00432494,0.00856009,0,0
#[d_gene,0],[d_5_del,3]
%0,0,0.000371048,3.929e-09,0.0146065,0.00168546,0.103479,0.219896,0.120771,0.230598,0.122202,0.12609,0.0353949,0,0,0.0003337,0.00190814,0.0226645,0,0,0
#[d_gene,0],[d_5_del,4]
%0,0,0.0119094,0.00129503,0.0283401,0.0087078,0.0750231,0.185001,0.0612457,0.245288,0.126388,0.133341,0.121923,4.55956e-11,0,2.16498e-07,0.00153761,0,0,0,0
#[d_gene,0],[d_5_del,5]
%0,1.96277e-08,0.00194795,0.000746306,0.0489125,0.00922961,0.0510778,0.22785,0.0604965,0.249809,0.046347,0.105903,0.197167,9.481e-07,3.68375e-06,0.000508819,0,0,0,0,0
#[d_gene,0],[d_5_del,6]
%0,0,0.00557553,0.00730081,0.0438461,0.0178549,0.0953061,0.31446,0.118157,0.187371,0.0367402,0.172902,0.000227427,2.5839e-06,0.000256322,0,0,0,0,0,0
#[d_gene,0],[d_5_del,7]
%0,0.00375031,0.00159083,0.0105574,0.0429023,0.0287486,0.144933,0.286884,0.100665,0.134398,0.244605,0.000894111,1.38635e-05,5.79725e-05,0,0,0,0,0,0,0
#[d_gene,0],[d_5_del,8]
%0,0.000104473,0.00194494,0.00752177,0.0592205,0.0367742,0.148953,0.321298,0.0993864,0.323115,0.001601,7.78025e-05,2.03524e-06,0,0,0,0,0,0,0,0
#[d_gene,0],[d_5_del,9]
%0,2.4307e-05,0.00598014,0.00834074,0.078135,0.0519713,0.219598,0.306149,0.326047,0.00375095,3.82748e-06,5.95021e-08,0,0,0,0,0,0,0,0,0
#[d_gene,0],[d_5_del,10]
%0,2.19048e-07,0.0557579,0.0381487,0.121967,0.136857,0.327033,0.32,0.000235836,2.67268e-07,9.11919e-20,0,0,0,0,0,0,0,0,0,0
#[d_gene,0],[d_5_del,11]
%0.000226242,2.94842e-05,0.0088444,0.0201392,0.0851433,0.448387,0.437122,0.000109208,4.97848e-28,6.21925e-29,0,0,0,0,0,0,0,0,0,0,0
#[d_gene,0],[d_5_del,12]
%2.83056e-05,9.15497e-05,0.000617628,0.0777172,0.241407,0.679913,0.000226217,1.90292e-31,1.27796e-28,0,0,0,0,0,0,0,0,0,0,0,0
#[d_gene,0],[d_5_del,13]
%0,0.00181089,0.00322462,0.0725779,0.922167,0.000219122,6.44845e-10,2.28428e-08,0,0,0,0,0,0,0,0,0,0,0,0,0
#[d_gene,0],[d_5_del,14]
%0,0,0.0155399,0.00147064,0.103004,3.59701e-07,0.879985,0,0,0,0,0,0,0,0,0,0,0,0,0,0
#[d_gene,0],[d_5_del,15]
%0,0,0,0.0881187,0.301871,0.61001,0,0,0,0,0,0,0,0,0,0,0,0,0,0,0
#[d_gene,0],[d_5_del,16]
%0,0,0,0,1,0,0,0,0,0,0,0,0,0,0,0,0,0,0,0,0
#[d_gene,0],[d_5_del,17]
%0,0,0,0,0,0,0,0,0,0,0,0,0,0,0,0,0,0,0,0,0
#[d_gene,0],[d_5_del,18]
%0,0,0,0,0,0,0,0,0,0,0,0,0,0,0,0,0,0,0,0,0
#[d_gene,0],[d_5_del,19]
%0,0,0,0,0,0,0,0,0,0,0,0,0,0,0,0,0,0,0,0,0
#[d_gene,0],[d_5_del,20]
%0,0,0,0,0,0,0,0,0,0,0,0,0,0,0,0,0,0,0,0,0
#[d_gene,1],[d_5_del,0]
%0,0,0,0.000166077,0,0,0.692322,0.020752,0.0774042,0,0.119871,0.000264278,0,0,0.00366907,0.00659429,1.74376e-05,0,0,2.38846e-06,0.0789373
#[d_gene,1],[d_5_del,1]
%0,0,0,0.0679356,0.02722,3.48014e-05,0.00350135,0.00601809,9.06241e-05,7.01833e-05,0.101183,0.0216792,0.164537,0.002182,0.00319499,0.221798,0.00899983,0,0,0.00030873,0.371247
#[d_gene,1],[d_5_del,2]
%0,0,0.000477331,0.0407644,6.48855e-05,0.0414008,0.0956216,0.126613,0.0207107,0.073253,0.0295808,0.0849781,0.0673903,0.00110377,0.0145653,0.349346,0.00560322,3.98917e-08,0,0.00450338,0.0440232
#[d_gene,1],[d_5_del,3]
%0,0,0.0117629,0.000360417,1.22029e-07,1.3408e-06,0.0103263,0.0110899,0.00151803,0.00820921,0.00199509,0.0863642,0.0652469,0.0273395,0.136437,0.502326,0.0959975,9.77604e-09,0,0.00286596,0.0381595
#[d_gene,1],[d_5_del,4]
%0,0.00106064,0.0193543,0.0212998,0.000473548,0.00330586,0.0423143,0.0679664,0.0250337,0.092474,0.0490618,0.0170311,0.0173923,0.0396265,0.0640239,0.249101,0.196049,5.88771e-09,0,0.000364858,0.0940659
#[d_gene,1],[d_5_del,5]
%0,3.95777e-08,0.00237107,0.000977979,0.00630504,0.0495406,0.134066,0.12846,0.0428284,0.0887139,0.0179551,0.0675961,0.0406082,0.0105549,0.0369083,0.173272,0.185157,6.59535e-05,0.000532118,0.0140868,0
#[d_gene,1],[d_5_del,6]
%0,0.00299925,0.0173949,0.00291008,0.0342259,0.123902,0.129604,0.0983054,0.0276863,0.0689593,0.0698103,0.032232,0.0199274,0.0104408,0.0213102,0.336813,0.00186653,5.90369e-06,0.00160652,0,0
#[d_gene,1],[d_5_del,7]
%0,5.84826e-09,0.008115,0.0039498,0.000116623,0.0272257,0.180971,0.0590393,0.0892946,0.0412651,0.0881509,0.034512,0.0219999,0.0703714,0.369484,0.00432649,9.43912e-05,0.00108403,0,0,0
#[d_gene,1],[d_5_del,8]
%0,9.43793e-05,0.0124175,1.96275e-06,0.000714734,0.154034,0.0542571,0.0687976,0.101937,0.142663,0.0559628,0.0367261,0.0298677,0.310269,0.031253,0.000768397,0.000235096,0,0,0,0
#[d_gene,1],[d_5_del,9]
%0,4.36147e-05,0.0215498,0.0201397,0.00224286,0.0749503,0.189987,0.15628,0.0386809,0.0824996,0.00723515,0.0327879,0.355988,0.00968998,0.00783704,8.82335e-05,0,0,0,0,0
#[d_gene,1],[d_5_del,10]
%0.000181559,0.0327182,0.0149441,0.0188238,0.00193701,0.128989,0.286142,0.0952815,0.0516884,0.0715753,0.0311525,0.264877,0.00137909,0.000153777,0.000156134,0,0,0,0,0,0
#[d_gene,1],[d_5_del,11]
%0,0.0120061,0.0332547,0.011974,0.0146737,0.231721,0.0690311,0.107686,0.071972,0.118728,0.322118,0.0067447,1.75014e-05,7.26506e-05,0,0,0,0,0,0,0
#[d_gene,1],[d_5_del,12]
%0,1.8928e-09,3.73414e-05,0.012554,0.0105352,0.0254317,0.0170471,0.550806,0.0795412,0.300908,0.0027071,0.000419853,1.28542e-05,0,0,0,0,0,0,0,0
#[d_gene,1],[d_5_del,13]
%1.02784e-06,7.62087e-07,0.0133339,0.0316916,0.105121,0.134485,0.12487,0.374725,0.213695,0.00203244,1.91689e-05,2.4872e-05,0,0,0,0,0,0,0,0,0
#[d_gene,1],[d_5_del,14]
%0.00555283,0.00141534,0.033533,0.216743,0.117937,0.109202,0.32814,0.187324,0.000117741,2.87172e-05,6.84109e-06,0,0,0,0,0,0,0,0,0,0
#[d_gene,1],[d_5_del,15]
%0.0139064,0.0425055,0.0394331,0.10545,0.137981,0.419754,0.240869,6.32511e-05,3.58572e-06,3.55573e-05,0,0,0,0,0,0,0,0,0,0,0
#[d_gene,1],[d_5_del,16]
%0.0343977,0.00448998,0.0505807,0.0785284,0.527638,0.303194,0.000128913,0.000400534,0.000641518,0,0,0,0,0,0,0,0,0,0,0,0
#[d_gene,1],[d_5_del,17]
%0,0.15924,0.141561,0.136058,0.554803,0.00157874,0.000997063,0.00576276,0,0,0,0,0,0,0,0,0,0,0,0,0
#[d_gene,1],[d_5_del,18]
%0,0,0.000169614,5.9208e-06,3.02819e-07,0.013374,0.98645,0,0,0,0,0,0,0,0,0,0,0,0,0,0
#[d_gene,1],[d_5_del,19]
%0,0,0,0.00465805,0.112202,0.88314,0,0,0,0,0,0,0,0,0,0,0,0,0,0,0
#[d_gene,1],[d_5_del,20]
%0,0,0,0,1,0,0,0,0,0,0,0,0,0,0,0,0,0,0,0,0
#[d_gene,2],[d_5_del,0]
%0,0,0,0,0.00151781,0.0786643,0.246673,4.21237e-08,0.104163,0,0.358009,0.00202106,0,0,0.00533445,0.00512521,2.68036e-05,0,0,0.00577848,0.192686
#[d_gene,2],[d_5_del,1]
%0.0472663,0,4.64122e-06,0,8.90912e-06,0.0829111,0.0461175,0.0373528,0.000178905,0.000119221,0.040838,0.0197288,0.153587,0.00762254,0.00655589,0.0847762,0.00488832,0,0,0.000165135,0.467879
#[d_gene,2],[d_5_del,2]
%0,0.00164354,0.035977,0.0202332,0.00506034,0.0330475,0.135808,0.0481293,0.0231042,0.136078,0.061951,0.103776,0.0908899,0.00276721,0.0158944,0.199915,0.00409719,3.71532e-10,0,0.00145722,0.0801711
#[d_gene,2],[d_5_del,3]
%0,0,3.09661e-07,0,0.00716768,0.043391,0.0448667,0.109564,0.00139308,0.011348,0.0032567,0.0812805,0.11554,0.0294951,0.124519,0.257118,0.0755375,1.85941e-09,0,0.00146362,0.0940593
#[d_gene,2],[d_5_del,4]
%0,2.8506e-07,0.00362278,0,0.00521775,0.0428797,0.139672,0.0977823,0.0387354,0.139768,0.0492115,0.0161415,0.027369,0.0390759,0.0474086,0.157392,0.0761978,1.99157e-11,0,0.000403084,0.119123
#[d_gene,2],[d_5_del,5]
%0,0,0.00912036,0.000240294,0.00138577,0.0181653,0.225309,0.0785769,0.0716642,0.10674,0.0256715,0.0754677,0.062841,0.0109513,0.0273159,0.124639,0.107214,1.41485e-05,0.000459672,0.0542237,0
#[d_gene,2],[d_5_del,6]
%0,0.00441839,0.0457888,0.0091216,0.000139489,0.000299602,0.169942,0.118998,0.0541785,0.0876993,0.0706856,0.0334596,0.0389294,0.0115045,0.0176359,0.313289,0.00857857,0.000227352,0.0151041,0,0
#[d_gene,2],[d_5_del,7]
%0,0.00291392,0.0165065,2.80276e-05,0.00103536,0.00184853,0.220267,0.117805,0.0930294,0.0664677,0.0832283,0.0335218,0.0198013,0.0636629,0.241558,0.00775987,0.00826243,0.0223034,0,0,0
#[d_gene,2],[d_5_del,8]
%0,0.00623496,0.0105595,0.00108129,0.0216105,0.0251156,0.289482,0.092666,0.0911534,0.174962,0.042752,0.036716,0.0222259,0.168375,0.0096359,0.00216612,0.00526512,0,0,0,0
#[d_gene,2],[d_5_del,9]
%7.82606e-05,0.00734515,0.0480538,0.0319622,0.00222174,0.0531494,0.242773,0.069307,0.0600697,0.114324,0.009747,0.0379402,0.279556,0.0163445,0.0249652,0.00216343,0,0,0,0,0
#[d_gene,2],[d_5_del,10]
%0.00758407,0.00467089,0.0838568,0.00791325,0.0418817,0.059426,0.351623,0.0789599,0.0578032,0.0640396,0.0283174,0.211155,0.00121684,0.000399885,0.0011524,0,0,0,0,0,0
#[d_gene,2],[d_5_del,11]
%0,0.0144835,0.0590297,0.0209798,0.023144,0.0483208,0.328238,0.0486771,0.0847323,0.117001,0.251036,0.00390738,9.02295e-05,0.000361182,0,0,0,0,0,0,0
#[d_gene,2],[d_5_del,12]
%0,0.0288139,0.0383552,0.0212366,0.0105887,0.0316044,0.0425373,0.019034,0.122298,0.678512,0.00638513,0.000587057,4.77593e-05,0,0,0,0,0,0,0,0
#[d_gene,2],[d_5_del,13]
%0,6.49412e-05,0.00815419,0.0165702,0.0409215,0.0362614,0.541774,0.1372,0.216678,0.00229669,1.77614e-07,7.93235e-05,0,0,0,0,0,0,0,0,0
#[d_gene,2],[d_5_del,14]
%0,2.36758e-05,0.000258104,0.00120459,0.261843,0.0817993,0.29314,0.36153,0.000176488,1.73728e-05,8.20816e-06,0,0,0,0,0,0,0,0,0,0
#[d_gene,2],[d_5_del,15]
%0,3.67021e-06,9.402e-05,0.00590733,0.0772626,0.163181,0.745929,0.00760124,6.66087e-07,2.07152e-05,0,0,0,0,0,0,0,0,0,0,0
#[d_gene,2],[d_5_del,16]
%0.00381314,0.0407688,0.0461812,0.0283297,0.362258,0.504704,0.00305121,0.0104562,0.000438299,0,0,0,0,0,0,0,0,0,0,0,0
#[d_gene,2],[d_5_del,17]
%0,0.167299,0.157634,0.171995,0.489052,0.00255343,0.00338939,0.00807632,0,0,0,0,0,0,0,0,0,0,0,0,0
#[d_gene,2],[d_5_del,18]
%0,0,6.53239e-05,3.59154e-06,3.97931e-09,0.00803851,0.991893,0,0,0,0,0,0,0,0,0,0,0,0,0,0
#[d_gene,2],[d_5_del,19]
%0,0,0,0.000312507,0.0813274,0.91836,0,0,0,0,0,0,0,0,0,0,0,0,0,0,0
#[d_gene,2],[d_5_del,20]
%0,0,0,0,1,0,0,0,0,0,0,0,0,0,0,0,0,0,0,0,0
@j_5_del
$Dim[15,23]
#[j_choice,0]
%3.50953e-08,0.00498416,0.00895556,0.0574333,0.0476643,0.197649,0.0756107,0.12407,0.152098,0.105258,0.0809325,0.0391758,0.0234384,0.0145928,0.0225312,0.0242627,0.00233276,0.00652524,0.00210832,6.45918e-26,0.000100177,0.00592866,0.00434837
#[j_choice,1]
%5.66767e-05,0.00365688,0.00712925,0.000851289,0.0442589,0.0602939,0.109366,0.0756507,0.173405,0.118421,0.102988,0.0843193,0.163656,0.0170874,0.00901905,0.00264158,0.00346138,0.00420984,0.00407499,4.535e-05,0.01001,2.19496e-26,0.00539711
#[j_choice,2]
%0.00103064,0.00920174,0.0445041,0.000488591,0.267258,0.081595,0.113641,0.0693462,0.188426,0.0655137,0.00360227,0.0355569,0.0365555,0.0154152,0.0170366,0.00631556,3.67209e-17,0.00509052,0,0.00498743,0,0.000135486,0.0343002
#[j_choice,3]
%0.00507756,0.00204049,0.0272008,0.0424688,0.0361397,0.0123848,0.0612268,0.0599497,0.0546401,0.0822273,0.0721692,0.102527,0.16302,0.0256236,0.0313823,0.020716,0.0181897,0.000277614,0.00456499,0,0,0.156798,0.0213753
#[j_choice,4]
%9.52009e-05,3.45965e-05,0.0634099,0.0728112,0.04988,0.0720762,0.113526,0.12281,0.0921809,0.121599,0.113281,0.107701,0.0152542,0.0257197,0.00930082,0.0126104,0.00108428,0.000420628,0.000692945,0.00222204,0,3.88536e-05,0.00325115
#[j_choice,5]
%0,0.00874986,0.0208939,0.00603617,0.0306146,0.0217171,0.000924465,0.0377018,0.0234082,0.0637058,0.138915,0.150461,0.116745,0.109023,0.121528,0.020497,0.00106608,0.0478941,0.0228724,0.0379039,1.27949e-07,0.00768471,0.0116589
#[j_choice,6]
%0,0.0204248,0.0490486,0.00318256,0.0361687,0.0197615,0.00250184,0.031926,0.0502036,0.087234,0.0495392,0.187016,0.139068,0.131416,0.0935444,0.0103473,0.0165366,0.00796278,0.05123,2.35023e-12,0.00440188,0.00165679,0.00683019
#[j_choice,7]
%3.39554e-06,0.0118017,0.0370309,0.0101491,0.0496273,0.0438971,0.0703891,0.0521317,0.145958,0.0976125,0.112593,0.103889,0.114222,0.0655604,0.0256259,0.0104696,0.0150388,0.00902942,0.00652001,0.00576242,0.00557526,0.00239262,0.00472103
#[j_choice,8]
%4.64844e-06,0.00114533,0.0138488,0.00187026,0.0697192,0.0716676,0.0806787,0.123761,0.132297,0.128843,0.0687866,0.122283,0.000718164,0.0549214,0.00331141,0.000746774,0.00227983,0.00389564,0.00187235,0,0,0.116279,0.00106991
#[j_choice,9]
%0,1.87167e-05,0.0394949,0.0371811,0.0657867,0.0989496,0.211529,0.087474,0.158627,0.0945917,0.0957944,0.0319165,0.0237812,0.0100981,0.00592055,0.00427369,0.00156717,0.00201656,0.00490314,0.00273206,0.000132882,0.0155515,0.00765896
#[j_choice,10]
%0,0.000159946,0.0464334,0.091738,0.0341033,0.0923936,0.0733232,0.0870709,0.0366994,0.0427632,0.0586159,0.0337404,0.0557875,0.0298672,0.00405366,0,1.55203e-05,0.0135411,0.0106868,0.00669762,3.56299e-08,0,0.282309
#[j_choice,11]
%0,1.27778e-06,0.0121627,0.00670222,0.0129234,0.0816994,0.17472,0.112997,0.1604,0.258134,0.0644277,0.055261,0.00292147,0.011881,0.00487472,0.0039787,3.016e-05,0.00320852,0.00288618,3.9753e-05,1.12402e-07,0.0282938,0.00245679
#[j_choice,12]
%0,0,0.00651877,0.000484611,0.104615,0.0328724,0.0453185,0.0268212,0.0387211,0.0125197,7.23801e-05,0.00319627,0.00831853,1.10357e-10,0,0,0,0,0,0,0,0,0.720542
#[j_choice,13]
%5.03886e-06,0.0083752,0.0353839,0.00411482,0.0781817,0.0642943,0.149085,0.213774,0.128818,0.114311,0.093321,0.0670714,0.00724663,0.0138494,0.000788313,0.0015793,0.00625383,0.00308882,0.00250667,0.00116041,0.00384652,0.0011343,0.00181072
#[j_choice,14]
%0,0,0,0,0,0,0,0,0,0,0,0,0,0,0,0,0,0,0,0,0.00090689,0.637614,0.361479
@vd_ins
$Dim[31]
#
%0.0465809,0.0599525,0.0955319,0.13078,0.15434,0.110082,0.0782762,0.0722687,0.0636135,0.0463958,0.0423169,0.0252468,0.0149878,0.0171147,0.0149141,0.007359,0.00486014,0.00476781,0.0031815,0.00137869,0.000391785,0.00199447,0.0004017,0.00107806,0.000688118,0.000284813,4.51973e-05,6.14471e-05,0.000298802,0.000329026,0.000477347
@vd_dinucl
$Dim[16]
#
%0.269378,0.285798,0.2609,0.183924,0.149277,0.474095,0.197009,0.179618,0.241276,0.195131,0.389898,0.173695,0.204107,0.346748,0.190118,0.259028
@dj_ins
$Dim[31]
#
%0.0641422,0.0580974,0.0928893,0.111863,0.121089,0.139237,0.0795847,0.0608512,0.0509087,0.042563,0.0296932,0.0293066,0.0229455,0.0100323,0.0166445,0.0132166,0.0115533,0.0105703,0.00887974,0.00611395,0.00684018,0.00439463,0.00342144,0.0011954,0.00165185,0.000949456,0.000670735,6.62043e-05,0.000154194,3.37971e-06,0.000470484
@dj_dinucl
$Dim[16]
#
%0.302521,0.166822,0.353606,0.177052,0.240266,0.31556,0.234953,0.209221,0.214471,0.173347,0.445636,0.166546,0.201016,0.285627,0.245665,0.267692
