@v_choice
$Dim[89]
#
%0.0058913,0.0112856,0.0111394,0,0.0119726,0.0100951,0.0102394,0.00114025,0.0207146,0,0,0.00665147,0.00380084,0.00532117,0.017552,0.0177958,0,0.00380084,0.00266059,0.013493,0,0.0121627,0,0.000760167,0,0.0275561,0.0108324,0.0117826,0,0.0541619,0.171988,0.0222349,0.0112125,0,0.0503611,0.0176739,0.0102623,0,0.0176739,0,0,0,0.0112125,0,0,0.0184341,0.0119726,0,0,0.0691752,0.00152033,0,0.00703155,0,0.013493,0.00437096,0.00152033,0.00114025,0.0138731,0.00200717,0.0019837,0.0224249,0.0575827,0.0157735,0,0.00209046,0.000950209,0.00190042,0,0.0115956,0.00911895,0,0,0.0490308,0,0,0,0.00931205,0.00779171,9.44781e-05,0.00541673,0.0030396,0.00437203,0.0281262,0,0,0,0,0.0414291
@j_choice
$Dim[15]
#
%0.130559,0.0714557,0.0156429,0.041049,0.111935,0.0104523,0.0214747,0.149183,0.0595229,0.0684844,0.0354269,0.0755571,0.0493705,0.159425,0.000461817
@d_gene
$Dim[15,3]
#[j_choice,0]
%0.751112,0.228198,0.0206897
#[j_choice,1]
%0.833531,0.156611,0.00985768
#[j_choice,2]
%0.798432,0.143831,0.0577362
#[j_choice,3]
%0.833631,0.13585,0.0305198
#[j_choice,4]
%0.852804,0.130562,0.0166337
#[j_choice,5]
%0.921533,0.0754051,0.00306162
#[j_choice,6]
%0.97895,0.00558083,0.0154691
#[j_choice,7]
%0.261443,0.314153,0.424404
#[j_choice,8]
%0.41328,0.254487,0.332233
#[j_choice,9]
%0.253207,0.338098,0.408695
#[j_choice,10]
%0.508174,0.318277,0.173548
#[j_choice,11]
%0.391013,0.326869,0.282118
#[j_choice,12]
%0.418329,0.414206,0.167465
#[j_choice,13]
%0.469262,0.160533,0.370205
#[j_choice,14]
%0.999974,6.06953e-06,1.9802e-05
@v_3_del
$Dim[89,21]
#[v_choice,0]
%0,0,0.00551062,0.167561,0.077503,0.140866,0.0759077,0.148705,0.109982,0.131948,0.00149793,0.0835238,0.0360874,0,0.0209088,9.7574e-15,2.16032e-20,5.28163e-28,5.61735e-38,6.97247e-51,0
#[v_choice,1]
%0.00607401,4.60602e-25,0.0241664,0.0104929,0.025012,0.021545,0.0678694,0.160534,0.178905,0.0371429,0.193218,0.0875281,0.0310812,0.0765247,0.0609751,0.0189287,3.22073e-06,2.67522e-14,1.84203e-22,7.03563e-30,1.33048e-37
#[v_choice,2]
%0.00612254,0,0.0240731,0.0104751,0.025077,0.0215776,0.068252,0.161483,0.179131,0.0368848,0.193667,0.0870679,0.0306395,0.0761076,0.0607358,0.0187059,4.23983e-07,0,0,0,0
#[v_choice,3]
%0,0,0,0,0,0,0,0,0,0,0,0,0,0,0,0,0,0,0,0,0
#[v_choice,4]
%0.0142376,0,0.0105477,0.0198551,0.0143553,0.0151959,0.0125585,0.0971242,0.0976551,0.0605618,0.0602385,0.308977,0.149021,0.0762087,0,0.0323914,6.09726e-08,0,0.0123102,0.0187615,3.68319e-16
#[v_choice,5]
%0,0,0.00986396,0.00319034,0.0686356,0.0233204,0.0287314,0.0719411,0.201306,0.00519941,0.23313,0.0351935,0.0806461,0.0712798,0.0811103,0.0319528,0.0250486,0.00843231,0.0112912,0,0.00972774
#[v_choice,6]
%0,0,0.00975882,0.00316864,0.0680687,0.0233059,0.028613,0.0715447,0.200226,0.0053203,0.232157,0.0355937,0.0808571,0.0716275,0.0814933,0.032408,0.0257945,0.0088123,0.0115405,2.89698e-45,0.0097104
#[v_choice,7]
%0,0,0,0,0,0,0,0,0.0747091,0.350134,0.36352,0.211637,1.32843e-11,5.38444e-20,2.09398e-27,2.97168e-36,1.84662e-43,0,0,0,0
#[v_choice,8]
%0,0,0.0109733,0.00464447,0.0441206,0.0734029,0.151483,0.0806503,0.0857939,0.401,0.0385529,0.0600091,0.0196195,0.00913698,0.0113272,0,0,0.00928511,1.0974e-10,8.33301e-19,3.44414e-27
#[v_choice,9]
%0,0,0,0,0,0,0,0,0,0,0,0,0,0,0,0,0,0,0,0,0
#[v_choice,10]
%0,0,0,0,0,0,0,0,0,0,0,0,0,0,0,0,0,0,0,0,0
#[v_choice,11]
%0,0,0,0,5.51141e-05,0.104334,0.0999395,0.0832222,0.000362323,0.567473,0.0498241,0.0283925,0.0663971,3.56219e-09,5.38689e-15,1.20742e-22,2.71098e-26,9.13564e-34,1.31619e-41,0,0
#[v_choice,12]
%0,0,0,0.00413538,0.0685286,0.11345,0.0488151,0.228354,0.113856,0.122283,0,0.0342001,0.10598,0.060295,4.34964e-05,0,0,0,0,0,0.100059
#[v_choice,13]
%0,0,0.0358535,0,0.0149559,0.0750055,0.206994,0.0979801,0.087641,0.288861,0.0814911,0.00238674,0,0.0724737,1.81643e-06,0,0.0363556,1.65021e-08,5.77777e-16,2.65057e-24,3.69506e-32
#[v_choice,14]
%0,0.00503471,0,7.0968e-05,0.0216899,0.0322313,0.0822637,0.123392,0.126544,0.118109,0.208316,0.168461,0.067177,0.0156885,0.0137059,0.0118803,0,0,0.00543637,0,0
#[v_choice,15]
%0,0.00497443,0,7.08551e-05,0.0215873,0.0320838,0.0817833,0.123084,0.126383,0.118085,0.207747,0.168593,0.0677678,0.0161522,0.0141266,0.0121334,1.36215e-07,0,0.00542746,4.25997e-15,2.26791e-25
#[v_choice,16]
%0,0,0,0,0,0,0,0,0,0,0,0,0,0,0,0,0,0,0,0,0
#[v_choice,17]
%0,0,2.79838e-07,0,0.0730042,0.0163418,0.248254,0.00391148,0.19473,0.240385,0.170941,5.83545e-07,0.0524321,6.01832e-17,4.92193e-29,1.77023e-38,6.21286e-44,0,0,0,0
#[v_choice,18]
%0,0,0,0.0443743,0.0211483,0.118485,0.0813512,0.00452629,0.361843,0.0301925,0.178897,0.0801537,0.0790284,3.71065e-11,6.78161e-23,6.61041e-28,4.62897e-31,5.1293e-37,1.55624e-45,0,0
#[v_choice,19]
%0,0,4.14196e-06,0.173393,0.00962513,0.134122,0.185766,0.0464292,0.196923,0.126502,0.0625152,0.0180267,0.0324799,0,0.0142136,3.88347e-10,9.33379e-14,2.45686e-21,4.67649e-29,5.72247e-37,1.74932e-47
#[v_choice,20]
%0,0,0,0,0,0,0,0,0,0,0,0,0,0,0,0,0,0,0,0,0
#[v_choice,21]
%0.00512135,0.0114264,0.00477241,0.227179,0.070348,0.0993206,0.105094,0.105912,0.0746421,0.146232,0.0113108,0.0306156,0.0123834,0.065594,1.00572e-08,0.0300492,4.12765e-07,1.33064e-15,2.5594e-24,3.48022e-33,7.2709e-42
#[v_choice,22]
%0,0,0,0,0,0,0,0,0,0,0,0,0,0,0,0,0,0,0,0,0
#[v_choice,23]
%0,0,0,0.244342,0,0,0.500357,0,0.240704,0.0112258,0.00337121,1.54202e-08,1.14687e-15,1.35893e-21,1.12967e-27,1.50132e-36,1.20168e-40,5.63226e-48,0,0,0
#[v_choice,24]
%0,0,0,0,0,0,0,0,0,0,0,0,0,0,0,0,0,0,0,0,0
#[v_choice,25]
%0.00551341,0,0.000928829,0.0415842,0.0438693,0.0871506,0.144946,0.242598,0.210773,0.00633682,0.130664,0.0122832,0.0235949,0.00463754,0.0236339,0.00783089,3.84508e-07,0,0.00575914,0.007897,3.34862e-11
#[v_choice,26]
%0,0,0.0345247,1.76823e-06,0,0.0601131,0.0139928,0.161773,0.121351,0.204252,0.104287,0.0805038,0.0406751,4.8337e-06,0.0833261,0.0597765,1.54993e-06,0,0.0354161,1.55263e-17,3.6076e-32
#[v_choice,27]
%0,0,0.0138883,0.000170836,0.0323809,0.0544064,0.0539014,0.00325772,0.140792,0.148612,0.0772065,0.213021,0.135106,0.0018694,0.054099,0.0710526,0.000236382,1.5012e-16,2.39748e-25,5.02401e-34,8.37088e-43
#[v_choice,28]
%0,0,0,0,0,0,0,0,0,0,0,0,0,0,0,0,0,0,0,0,0
#[v_choice,29]
%0.00257524,0.000163945,0.000608057,0.0922787,0.0338888,0.0745854,0.0761485,0.219374,0.0927567,0.131266,0.143492,0.0268675,0.0337078,0.0361919,0.0215457,0.00195826,0.0125909,5.06084e-09,4.92929e-23,6.91026e-31,1.52843e-40
#[v_choice,30]
%0.0011996,0.00425925,0.00495566,0.0599203,0.0496361,0.100379,0.114065,0.146112,0.156896,0.0424696,0.0751352,0.08357,0.0803173,0.0170895,0.0292602,0.023342,0.00286926,0.00574594,0.00141374,0.00136492,3.0391e-13
#[v_choice,31]
%0,0,0,0.029338,0.0342994,0.0862382,0.0571319,0.157153,0.126043,0.131403,0.0869334,0.029107,0.0610318,0.125927,0.0147224,0.00228144,0.0583309,5.91336e-05,6.68161e-14,3.18702e-22,1.04826e-30
#[v_choice,32]
%1.58657e-42,0,0,0,0.00460196,0.0455203,0.169675,0.0482501,0.155256,0.070352,0.14359,0.0757955,0.0745698,0.095635,0.0629779,0.0366585,8.01434e-05,0,0,0.0170375,1.41706e-12
#[v_choice,33]
%0,0,0,0,0,0,0,0,0,0,0,0,0,0,0,0,0,0,0,0,0
#[v_choice,34]
%0,0.0106836,1.59117e-09,0.0098915,0.00133932,0.0506673,0.0578208,0.0955545,0.146558,0.25509,0.120658,0.102193,0.0845814,0.0140755,0.00999035,0.0199345,0.0139549,2.55497e-22,0.00313874,0,0.00386884
#[v_choice,35]
%0,0,0,0,0.000252291,0.0460469,0.0659732,0.12709,0.0159356,0.284654,0.143734,0.132903,0.0881788,0.00667813,0.0540859,0.00232664,0.0321424,4.32513e-10,6.22216e-20,6.12475e-29,3.62778e-37
#[v_choice,36]
%0,0,0.00227309,0.0131867,0.108421,0.0160805,0.0432711,0.127337,0.148383,0.0837315,0.180148,0.111983,0.102449,0.0436723,8.85711e-45,0.0190642,1.48825e-15,4.35129e-28,8.62145e-39,3.21411e-46,0
#[v_choice,37]
%0,0,0,0,0,0,0,0,0,0,0,0,0,0,0,0,0,0,0,0,0
#[v_choice,38]
%0,0.000324484,0.0468568,0.0677285,0.0225666,0.239638,0.0788482,0.0744303,0.199075,0.125459,0.0695967,0.00936061,0.0227268,6.1109e-27,0.00661672,0.0367652,6.33929e-06,1.32848e-16,1.84381e-24,2.13043e-32,1.51382e-40
#[v_choice,39]
%0,0,0,0,0,0,0,0,0,0,0,0,0,0,0,0,0,0,0,0,0
#[v_choice,40]
%0,0,0,0,0,0,0,0,0,0,0,0,0,0,0,0,0,0,0,0,0
#[v_choice,41]
%0,0,0,0,0,0,0,0,0,0,0,0,0,0,0,0,0,0,0,0,0
#[v_choice,42]
%0.000818829,0.0392432,0.0620612,0.105373,0.000962178,0.168768,0.094631,0.107993,0.187957,0.118247,0.024153,2.6028e-07,0.0456827,0.0271113,0,0,0.0163774,0.000620575,2.25934e-20,4.32075e-27,3.52504e-36
#[v_choice,43]
%0,0,0,0,0,0,0,0,0,0,0,0,0,0,0,0,0,0,0,0,0
#[v_choice,44]
%0,0,0,0,0,0,0,0,0,0,0,0,0,0,0,0,0,0,0,0,0
#[v_choice,45]
%0,0,0.00598865,0.117586,0.103491,0.225533,0.0912539,0.120998,0.170969,0.0814597,0.0620686,4.34433e-09,0,0.00711922,0.0135327,3.65061e-14,1.74432e-19,5.8351e-28,6.15023e-37,8.24198e-45,0
#[v_choice,46]
%0.0146302,0,0.00893428,0.139106,0.00327512,0.239981,0.0211929,0.149139,0.190259,0.130194,0.0385839,1.49968e-09,0.0164013,0,0.013432,0.0348716,1.20923e-17,4.22275e-34,1.41833e-44,0,0
#[v_choice,47]
%0,0,0,0,0,0,0,0,0,0,0,0,0,0,0,0,0,0,0,0,0
#[v_choice,48]
%0,0,0,0,0,0,0,0,0,0,0,0,0,0,0,0,0,0,0,0,0
#[v_choice,49]
%0.00180133,0,0.0236808,0.00652863,0.125508,0.093678,0.0582294,0.132477,0.340891,0.0677825,0.0622984,0.055324,0.00765301,0.00874893,0.00696261,2.76541e-07,0.00206294,0.00637353,9.21644e-14,1.03604e-24,4.81996e-33
#[v_choice,50]
%0,0,0.229157,0.000401553,0.143082,8.66676e-06,0,0.0952454,0.221435,0.310671,1.89767e-09,3.1388e-17,1.08728e-24,4.67203e-32,1.18887e-41,6.37079e-47,0,0,0,0,0
#[v_choice,51]
%0,0,0,0,0,0,0,0,0,0,0,0,0,0,0,0,0,0,0,0,0
#[v_choice,52]
%0,0,0.0446519,7.10713e-06,0.092933,0.0627049,0.183785,0.161671,0.282188,0.0559721,0.0218469,0.094239,1.18365e-07,1.31105e-16,6.40144e-26,4.44502e-31,5.21e-39,3.56173e-47,0,0,0
#[v_choice,53]
%0,0,0,0,0,0,0,0,0,0,0,0,0,0,0,0,0,0,0,0,0
#[v_choice,54]
%0,0,0.000319595,0.0137022,0.0776615,0.196523,0.0581759,0.134279,0.296536,0.0683734,0.0793731,0.0581322,0.0169246,1.37497e-10,4.12572e-22,2.56247e-26,9.31474e-35,3.85255e-43,0,0,0
#[v_choice,55]
%0,0,0.00400673,0.0548912,0.161148,0.054449,0.106724,0.148066,0.366559,0.0543418,0.000439677,0.0493758,3.16578e-10,3.98642e-18,8.86362e-26,1.09904e-31,8.83042e-41,7.26492e-49,0,0,0
#[v_choice,56]
%0,0,0,0,0.368687,4.78722e-07,0,0.151581,0.479732,1.51654e-08,1.11999e-15,1.24721e-24,2.7555e-32,1.56871e-39,0,0,0,0,0,0,0
#[v_choice,57]
%0,0,0,0,0,0.324377,0,0.291916,0.383707,8.7311e-10,5.13794e-19,6.62107e-29,6.65902e-37,1.85392e-44,0,0,0,0,0,0,0
#[v_choice,58]
%0.0136712,1.36854e-10,0,0.00186571,0.0012458,0.0879173,0.0750572,0.0509906,0.149552,0.0560241,0.130633,0.149723,0.100474,2.26336e-05,0.0861014,0.0965229,0.000199192,2.80029e-14,9.36099e-23,2.65234e-31,8.93693e-40
#[v_choice,59]
%0,0,0,0,0,0,0.0295807,0.035311,0.134745,0.161666,0.174318,0.2477,0.0246048,0.0526975,0.0318578,0.107514,5.50007e-06,4.70467e-15,1.32866e-23,3.01356e-32,1.6316e-40
#[v_choice,60]
%0,0,0,0,0,0,0.0298973,0.0355074,0.135369,0.161912,0.174486,0.247864,0.0240605,0.0520583,0.0315169,0.107326,2.6952e-06,0,0,0,0
#[v_choice,61]
%0,0.0218708,0.00421607,0.0210313,0.0704317,0.0362527,0.111674,0.118965,0.0280677,0.0731759,0.194251,0.102514,0.0524366,0.0199404,0.0876087,0.0575589,5.56401e-06,2.59013e-14,2.52112e-22,2.41224e-30,3.1301e-38
#[v_choice,62]
%0,0.00382376,0.0344677,0.0348688,0.0443818,0.0275269,0.129445,0.111658,0.084285,0.128002,0.196709,0.0755219,0.0504001,0.0202013,0.0356739,0.00614648,0.000170562,0,0.00259917,0.00648393,0.00763453
#[v_choice,63]
%4.49028e-06,0.0152362,0.0188291,0.0287655,0.0475903,0.0753923,0.0701337,0.138646,0.0765724,0.120776,0.130525,0.13937,0.0780647,0.0281936,0.0319007,6.46978e-12,3.85117e-16,3.76519e-23,1.03831e-30,1.0259e-38,3.4092e-47
#[v_choice,64]
%0,0,0,0,0,0,0,0,0,0,0,0,0,0,0,0,0,0,0,0,0
#[v_choice,65]
%0,0,0.0908169,0,0,0,0.0434534,0.204749,0.0417173,0.244812,0.063032,0.218228,0,0.0931917,4.13422e-11,1.06682e-22,3.48692e-27,2.91178e-35,8.18506e-44,0,0
#[v_choice,66]
%0,0,0,0,0,0,0.198054,5.42635e-07,0,0.148823,0.161239,0.490173,0.00171014,1.07434e-14,5.56137e-26,6.18635e-36,1.52339e-41,0,0,0,0
#[v_choice,67]
%0,0,0.0996807,0,0,0,0.160411,0.2395,1.28069e-11,0,0,0.279233,0.221175,2.05081e-11,6.08167e-20,5.97509e-25,4.16226e-28,4.51893e-34,1.16869e-40,0,0
#[v_choice,68]
%0,0,0,0,0,0,0,0,0,0,0,0,0,0,0,0,0,0,0,0,0
#[v_choice,69]
%0,0,0,0.0108538,3.50334e-05,0.177647,0.122533,0.14118,0.083615,0.31443,0.0163497,0.133357,1.04962e-10,5.34189e-18,1.73372e-24,1.37628e-32,6.71253e-37,1.53686e-45,0,0,0
#[v_choice,70]
%0,0,0,0.0139813,0,0.231971,0.0575939,0.137695,0.0921199,0.305773,0.111299,0.0495673,1.85335e-12,9.35722e-19,1.8196e-25,1.94691e-33,1.35628e-36,1.70518e-43,7.7784e-52,0,0
#[v_choice,71]
%0,0,0,0,0,0,0,0,0,0,0,0,0,0,0,0,0,0,0,0,0
#[v_choice,72]
%0,0,0,0,0,0,0,0,0,0,0,0,0,0,0,0,0,0,0,0,0
#[v_choice,73]
%0,0,0.0010494,0.00607687,0.00405892,0.0672222,0.164084,0.0459194,0.155501,0.397419,0.0440133,0.039538,0.0304056,0.0177943,0.00663016,0.0124999,2.32233e-07,0,0.00330319,0.00448547,5.15459e-11
#[v_choice,74]
%0,0,0,0,0,0,0,0,0,0,0,0,0,0,0,0,0,0,0,0,0
#[v_choice,75]
%0,0,0,0,0,0,0,0,0,0,0,0,0,0,0,0,0,0,0,0,0
#[v_choice,76]
%0,0,0,0,0,0,0,0,0,0,0,0,0,0,0,0,0,0,0,0,0
#[v_choice,77]
%0.0203312,2.86225e-11,0,0,0.0156352,0.113985,0.0719832,0.0191506,0.169041,0.259562,0.0958051,0.123511,0.0677942,0.0202362,0.022965,1.79945e-12,2.04733e-17,2.40772e-25,1.93538e-33,8.15381e-42,0
#[v_choice,78]
%0.022759,0,0.0250266,0,0.00321197,0.117902,0.0953575,0.122367,0.126717,0.138415,0.0331743,0.117214,0.00316006,0.145113,1.06449e-08,0.0251864,1.29887e-06,0,0,0,0.0243949
#[v_choice,79]
%0,0,0,0,0,0,0,0,0,0,0,0,0,0,0,0,0.983052,0.0169477,1.14868e-09,3.8576e-16,1.84066e-22
#[v_choice,80]
%0,0,0,0.0293073,0.0198418,0.0668297,0.169489,0.108612,0.0129665,0.471289,0,0.0642358,0.0397701,8.30497e-12,0,0,0.017369,0.000289781,1.78843e-35,0,0
#[v_choice,81]
%0,0,0,0,1.62479e-06,0.243726,1.37019e-07,0.0510904,0.0007211,0.641815,5.51049e-10,0,0.0626458,5.68227e-13,4.13302e-21,7.87498e-31,1.10698e-35,7.82657e-45,0,0,0
#[v_choice,82]
%0,0,0,0,0,0.451011,0.112419,0,0.00168833,0.34653,2.9419e-10,0.0883518,2.78266e-12,2.72721e-20,9.10886e-28,4.23236e-37,1.47828e-41,0,0,0,0
#[v_choice,83]
%6.95064e-06,0,0.0113413,0.0100523,0.0100646,0.0941068,0.122506,0.118038,0.0662765,0.38736,0.0764061,0.0280864,0.0144743,0.0321037,0.000354834,0.0220426,5.64205e-06,0,0,0.00677398,2.0109e-10
#[v_choice,84]
%0,0,0,0,0,0,0,0,0,0,0,0,0,0,0,0,0,0,0,0,0
#[v_choice,85]
%0,0,0,0,0,0,0,0,0,0,0,0,0,0,0,0,0,0,0,0,0
#[v_choice,86]
%0,0,0,0,0,0,0,0,0,0,0,0,0,0,0,0,0,0,0,0,0
#[v_choice,87]
%0,0,0,0,0,0,0,0,0,0,0,0,0,0,0,0,0,0,0,0,0
#[v_choice,88]
%0,0,3.07838e-06,0.0029529,0.255624,0.0517585,0.0780865,0.183496,0.264651,0.0259457,0.0340743,0.0443065,0.020015,0.00885728,0.0256356,5.72367e-07,0,0,0.00459295,8.38995e-13,1.18642e-22
@d_5_del
$Dim[3,21]
#[d_gene,0]
%0.003134,0.00379071,0.055228,0.0167203,0.0911387,0.150491,0.144917,0.102483,0.155595,0.0825722,0.0597723,0.0475406,0.0267057,0.0502548,9.02051e-05,0.00384154,0.0057244,0,0,0,0
#[d_gene,1]
%0.000908663,0.00127756,0.0192881,0.00786575,0.0448482,0.0450411,0.0563728,0.0508856,0.0637249,0.0744042,0.0597669,0.0397047,0.176954,0.110855,0.0985038,0.0634743,0.0521465,0.0254341,0.00199748,0.00302866,0.00351717
#[d_gene,2]
%0.00194156,0.00479046,0.0498584,0.0194965,0.077421,0.107841,0.115364,0.0882959,0.0907005,0.0927163,0.0709032,0.0400099,0.0377074,0.0513932,0.0180914,0.0747011,0.0414714,0.0135227,0.000555836,0.00121775,0.00200048
@d_3_del
$Dim[3,21,21]
#[d_gene,0],[d_5_del,0]
%0,0,0.108108,5.92164e-05,0,0.0164793,0.217596,0.0386683,0,0.041432,0.000232463,0.102814,0.000233881,0,0,0.00215672,2.08892e-06,0.0312256,0.15799,0.0943236,0.188679
#[d_gene,0],[d_5_del,1]
%0,0,0,4.39888e-07,8.0954e-05,0.0114445,0.0226245,0.524444,0.000762873,0.0891611,0.0163854,0.0524715,0.0209568,1.45668e-06,0,9.57546e-08,0.000218788,0.0477278,0.0133272,0.200392,0
#[d_gene,0],[d_5_del,2]
%0,0,0,0,0.00387946,0.00291666,0.0461919,0.326694,0.0468048,0.261029,0.186638,0.0743605,0.0372719,9.3553e-08,0,3.72958e-05,0.00487782,0.00177764,0.00752064,0,0
#[d_gene,0],[d_5_del,3]
%0,0,0,0.000570223,0.0110031,0.0488511,0.087884,0.136814,0.0159859,0.249189,0.117075,0.310922,0.0159981,0,0,5.2505e-07,0.000206327,0.00549962,0,0,0
#[d_gene,0],[d_5_del,4]
%0,0,0.00217696,6.79603e-05,0.0313206,0.00475737,0.0395138,0.177203,0.0362167,0.304491,0.10377,0.168101,0.130813,8.27697e-18,0,6.88781e-08,0.0015694,0,0,0,0
#[d_gene,0],[d_5_del,5]
%0,0,0.000142478,0.000372773,0.0430145,0.00624549,0.0666985,0.21926,0.0938778,0.173739,0.0602019,0.0946673,0.24154,5.26521e-07,5.77346e-09,0.000239619,0,0,0,0,0
#[d_gene,0],[d_5_del,6]
%0,0,2.8165e-05,0.00740966,0.0302517,0.0438439,0.058391,0.292608,0.11426,0.214935,0.040173,0.193814,0.00427065,2.20671e-08,1.4857e-05,0,0,0,0,0,0
#[d_gene,0],[d_5_del,7]
%0,0,0.00645706,0.00823329,0.0467286,0.0194779,0.148117,0.358185,0.0748953,0.109747,0.225539,0.00250984,0.000106409,2.35889e-06,0,0,0,0,0,0,0
#[d_gene,0],[d_5_del,8]
%0.0012685,0,0.000102158,0.00269125,0.0747555,0.0838514,0.105199,0.306135,0.0840319,0.341061,0.000816225,8.75548e-05,2.33851e-08,0,0,0,0,0,0,0,0
#[d_gene,0],[d_5_del,9]
%0.00448609,0,0.0220072,0.00221379,0.0522488,0.0312227,0.113732,0.296995,0.472145,0.00494884,4.32486e-07,5.16947e-14,0,0,0,0,0,0,0,0,0
#[d_gene,0],[d_5_del,10]
%0,0,0.00249522,0.0297867,0.0621402,0.215625,0.296714,0.39288,0.000341069,1.8538e-05,3.22443e-21,0,0,0,0,0,0,0,0,0,0
#[d_gene,0],[d_5_del,11]
%0,5.42761e-05,0.0510496,0.0137702,0.0744637,0.370676,0.489821,0.000163625,0,1.32653e-06,0,0,0,0,0,0,0,0,0,0,0
#[d_gene,0],[d_5_del,12]
%0,0,0.0010308,0.00511583,0.123897,0.869492,0.000419922,0,4.46169e-05,0,0,0,0,0,0,0,0,0,0,0,0
#[d_gene,0],[d_5_del,13]
%0,2.88038e-06,0.00346801,0.0285271,0.966773,0.000462862,1.27646e-06,0.000764617,0,0,0,0,0,0,0,0,0,0,0,0,0
#[d_gene,0],[d_5_del,14]
%0,0,0,0,0.00212546,0.0526092,0.945265,0,0,0,0,0,0,0,0,0,0,0,0,0,0
#[d_gene,0],[d_5_del,15]
%0,0,0,0.0220484,0.793277,0.184674,0,0,0,0,0,0,0,0,0,0,0,0,0,0,0
#[d_gene,0],[d_5_del,16]
%0,0,0,0,1,0,0,0,0,0,0,0,0,0,0,0,0,0,0,0,0
#[d_gene,0],[d_5_del,17]
%0,0,0,0,0,0,0,0,0,0,0,0,0,0,0,0,0,0,0,0,0
#[d_gene,0],[d_5_del,18]
%0,0,0,0,0,0,0,0,0,0,0,0,0,0,0,0,0,0,0,0,0
#[d_gene,0],[d_5_del,19]
%0,0,0,0,0,0,0,0,0,0,0,0,0,0,0,0,0,0,0,0,0
#[d_gene,0],[d_5_del,20]
%0,0,0,0,0,0,0,0,0,0,0,0,0,0,0,0,0,0,0,0,0
#[d_gene,1],[d_5_del,0]
%0,0,0,0,0,0,0,0,0,2.60474e-07,0,0.000348438,0,0.853542,0.00020826,0.00706091,0.0173095,0,1.50119e-15,0,0.12153
#[d_gene,1],[d_5_del,1]
%0,0,0,0,0.0220609,0,0.320372,1.97289e-06,0,0.10777,0.0548584,0.106805,0.013193,0.0029868,0.00115386,0.0321946,0.0502158,1.48259e-05,5.76728e-06,4.31903e-05,0.288323
#[d_gene,1],[d_5_del,2]
%0,0,0.000452184,0.021585,0.00125383,0.0126398,0.0490492,0.000302739,3.53483e-06,0.00800239,0.173188,0.0251369,0.0141805,0.0210505,0.294299,0.147689,0.0463339,3.19275e-15,4.09745e-18,0.00107975,0.183753
#[d_gene,1],[d_5_del,3]
%0,0,0,0,0.00827658,0.0861942,0.0704607,0.0109181,0.000918717,0.00323421,0.00746967,0.0364194,0.0642594,5.40751e-05,0.0250585,0.464836,0.0356408,0,0,0.00121627,0.185043
#[d_gene,1],[d_5_del,4]
%0.017598,0,0,3.71518e-06,0.000111551,1.6902e-05,0.0364366,0.209512,0.0206895,0.041257,0.00433193,0.0134873,0.00244587,0.0067432,0.0421682,0.246293,0.166513,1.55389e-10,0,6.89931e-05,0.192322
#[d_gene,1],[d_5_del,5]
%5.5533e-11,0,0,0.0177675,0.00203047,0.0291953,0.213394,0.152506,0.0478037,0.0418104,0.0233904,0.0270763,0.00609762,0.00108899,0.0045509,0.160742,0.23212,0.000225379,8.94249e-05,0.0401116,0
#[d_gene,1],[d_5_del,6]
%0,0,0.0400403,0.0130201,8.03224e-05,0.0801499,0.156338,0.0521754,0.0315543,0.0412523,0.0209247,0.021894,0.064871,0.00229815,0.0315459,0.433871,0.0038418,4.03596e-05,0.00610243,0,0
#[d_gene,1],[d_5_del,7]
%0,0,0.0110928,0.0101602,3.58253e-07,0.0416148,0.102238,0.0425227,0.0461498,0.077954,0.0169797,0.0189228,0.0201806,0.0241712,0.583456,0.00299501,0.00075791,0.000804147,0,0,0
#[d_gene,1],[d_5_del,8]
%0,0,0.000341202,0.0289754,2.80845e-08,0.0718335,0.109079,0.168651,0.0326626,0.0464784,0.0908262,0.00780181,0.00206749,0.434677,0.00543606,0.000403967,0.000766919,0,0,0,0
#[d_gene,1],[d_5_del,9]
%0,0,0.0199295,0.0516897,0.000624107,0.0905777,0.097906,0.129386,0.00716795,0.0759813,0.0205004,0.00874577,0.461501,0.034609,0.00119728,0.000185017,0,0,0,0,0
#[d_gene,1],[d_5_del,10]
%5.31738e-08,0,0,1.99811e-05,0.00508493,0.188751,0.103368,0.0615021,0.0274563,0.0275349,0.043168,0.541042,0.000944108,0.0009953,0.000133001,0,0,0,0,0,0
#[d_gene,1],[d_5_del,11]
%0.0347389,1.20244e-10,3.28132e-06,0.00189131,0.00974382,0.119267,0.330254,0.128003,0.041379,0.0777317,0.2425,0.014171,5.71579e-06,0.000310106,0,0,0,0,0,0,0
#[d_gene,1],[d_5_del,12]
%1.9805e-07,0,0.0148712,0.00525459,0.030608,0.0484278,0.0228993,0.433745,0.0678509,0.371907,0.00365493,0.000737317,4.40186e-05,0,0,0,0,0,0,0,0
#[d_gene,1],[d_5_del,13]
%0.0079748,0.0256162,0.00252344,0.00648861,0.250685,0.243585,0.122977,0.223267,0.114652,0.00214456,9.13267e-07,8.66459e-05,0,0,0,0,0,0,0,0,0
#[d_gene,1],[d_5_del,14]
%0.00936792,0.017713,0.0778005,0.106397,0.273504,0.137182,0.249703,0.128035,0.000170359,3.94469e-05,8.7283e-05,0,0,0,0,0,0,0,0,0,0
#[d_gene,1],[d_5_del,15]
%0.00492896,0.0154915,0.0581182,0.112592,0.210114,0.39746,0.200197,0.000859066,1.89267e-06,0.000238002,0,0,0,0,0,0,0,0,0,0,0
#[d_gene,1],[d_5_del,16]
%0.0596614,0.0782214,0.0740274,0.0801697,0.462766,0.241576,0.000155677,3.22506e-07,0.00342195,0,0,0,0,0,0,0,0,0,0,0,0
#[d_gene,1],[d_5_del,17]
%0,0.165982,0.207234,0.0746426,0.49939,0.00724269,0.00601123,0.0394979,0,0,0,0,0,0,0,0,0,0,0,0,0
#[d_gene,1],[d_5_del,18]
%0,0,1.67837e-06,2.59202e-08,0.0015083,0.0838329,0.914657,0,0,0,0,0,0,0,0,0,0,0,0,0,0
#[d_gene,1],[d_5_del,19]
%0,0,0,0.00262174,0.0494895,0.947889,0,0,0,0,0,0,0,0,0,0,0,0,0,0,0
#[d_gene,1],[d_5_del,20]
%0,0,0,0,1,0,0,0,0,0,0,0,0,0,0,0,0,0,0,0,0
#[d_gene,2],[d_5_del,0]
%0,0,0,0,0.165056,0.000208663,0.252378,0,0,2.1548e-15,0,0.00172598,0,0.226423,7.38736e-05,0.000849536,0.0250518,0,0,0,0.328233
#[d_gene,2],[d_5_del,1]
%0,0,0,0,0.188865,0.0001423,0.0047265,0.0173298,4.41453e-29,0.0646243,0.131681,0.501644,0.0300694,0.000944885,0.00178725,0.0117224,0.0162765,3.33757e-34,1.43235e-11,2.09807e-05,0.030166
#[d_gene,2],[d_5_del,2]
%0,0,0.0137656,3.6029e-07,0.0105493,0.00229239,0.285292,0.0402017,1.38046e-05,0.00615892,0.131688,0.0823844,0.0754271,0.0101497,0.155371,0.104072,0.0339808,5.94727e-32,0,2.83768e-06,0.0486508
#[d_gene,2],[d_5_del,3]
%0,0,3.87301e-06,0,0.0489803,0.000260466,0.0264056,0.152602,0.00770343,0.00858719,0.015953,0.129757,0.313495,7.49762e-05,0.066547,0.17841,0.0164789,0,0,3.37001e-07,0.0347414
#[d_gene,2],[d_5_del,4]
%0,0,1.50431e-07,0,0.000191608,0.0221483,0.16523,0.0427871,0.081056,0.181557,0.0113211,0.0749921,0.0121555,0.00418981,0.0429726,0.143674,0.0604324,0,0,8.2088e-06,0.157284
#[d_gene,2],[d_5_del,5]
%0,0,4.68509e-05,0.00412963,0.000142305,0.0582649,0.197769,0.0710016,0.179132,0.129085,0.0613409,0.104926,0.0426773,0.00355106,0.00262967,0.0469804,0.0478456,1.7108e-05,1.88846e-05,0.0504424,0
#[d_gene,2],[d_5_del,6]
%0,1.9438e-06,0.064195,4.89998e-05,0.024596,0.111944,0.112752,0.0753757,0.0904054,0.0808637,0.0535076,0.0621904,0.0998352,0.00318539,0.0294894,0.166125,0.0084092,0.000496114,0.0165792,0,0
#[d_gene,2],[d_5_del,7]
%0.00833316,1.69956e-07,0.000317681,9.39839e-05,0.0372042,0.0194108,0.271772,0.0405093,0.0887728,0.214843,0.0525996,0.065588,0.028968,0.00514838,0.157719,0.00136916,0.00183409,0.00551697,0,0,0
#[d_gene,2],[d_5_del,8]
%0,0.00471207,0.0580203,0.0501534,0.00142343,0.0363419,0.148687,0.0968209,0.0725449,0.10767,0.201049,0.020654,0.00342711,0.188847,0.0028979,0.000930904,0.00581986,0,0,0,0
#[d_gene,2],[d_5_del,9]
%0,0.0110497,0.0264507,0.000510676,0.00171264,0.0777389,0.15979,0.136632,0.0208533,0.193283,0.0583863,0.010791,0.24701,0.0399901,0.0113544,0.00444871,0,0,0,0,0
#[d_gene,2],[d_5_del,10]
%0,3.09113e-06,0.056085,2.43522e-06,0.000463547,0.0161247,0.37733,0.0968916,0.0953984,0.0865964,0.0414843,0.22564,0.000320576,0.00185288,0.0018069,0,0,0,0,0,0
#[d_gene,2],[d_5_del,11]
%0,0.0181502,0.208896,0.00970082,0.0840439,0.0208682,0.14241,0.0595428,0.0961043,0.115109,0.206062,0.0347058,4.08466e-09,0.00440728,0,0,0,0,0,0,0
#[d_gene,2],[d_5_del,12]
%0,0.00159285,0.0363767,0.0208235,0.0193416,0.0266885,0.0794358,0.0100316,0.21829,0.56627,0.0156374,0.00238207,0.00313067,0,0,0,0,0,0,0,0
#[d_gene,2],[d_5_del,13]
%0.00248066,0.00756024,0.0899431,0.00199284,0.0174495,0.0022623,0.633772,0.0962681,0.146183,0.00138032,9.77625e-05,0.00060984,0,0,0,0,0,0,0,0,0
#[d_gene,2],[d_5_del,14]
%0,0.0325498,0.181567,0.00716349,0.216942,0.0328424,0.244564,0.283477,9.64733e-05,8.27553e-05,0.000714921,0,0,0,0,0,0,0,0,0,0
#[d_gene,2],[d_5_del,15]
%0,0.000423452,0.00714751,0.0351209,0.040135,0.170042,0.745672,0.00136823,8.82263e-08,9.11279e-05,0,0,0,0,0,0,0,0,0,0,0
#[d_gene,2],[d_5_del,16]
%0,0.00300331,0.0806102,0.250969,0.291275,0.368181,0.00399782,0.00140613,0.000558432,0,0,0,0,0,0,0,0,0,0,0,0
#[d_gene,2],[d_5_del,17]
%0,0.158021,0.186429,0.0854301,0.551718,0.00201104,0.0008332,0.0155579,0,0,0,0,0,0,0,0,0,0,0,0,0
#[d_gene,2],[d_5_del,18]
%0,0,8.40469e-07,5.76685e-10,2.08635e-05,0.0132919,0.986686,0,0,0,0,0,0,0,0,0,0,0,0,0,0
#[d_gene,2],[d_5_del,19]
%0,0,0,0.0119658,0.042639,0.945395,0,0,0,0,0,0,0,0,0,0,0,0,0,0,0
#[d_gene,2],[d_5_del,20]
%0,0,0,0,1,0,0,0,0,0,0,0,0,0,0,0,0,0,0,0,0
@j_5_del
$Dim[15,23]
#[j_choice,0]
%0.00273099,0.000102983,0.0201921,0.0411789,0.0499358,0.186998,0.0784098,0.0960916,0.180255,0.10609,0.073954,0.0580909,0.020958,0.00734751,0.0186647,0.0239916,0.00458977,0.000724564,0.00694266,0.00254838,0.00643371,0.00641742,0.00735168
#[j_choice,1]
%0,0.00029692,0.0121972,0.0105827,0.0606418,0.0350135,0.0821422,0.0898971,0.223242,0.0942715,0.108112,0.0839464,0.144675,0.0287828,0.00232057,0.0040786,0.00589305,4.43038e-07,0.00221467,0.00146008,0.00665125,0.00358048,3.8919e-34
#[j_choice,2]
%3.32357e-05,0.0268332,0.0101151,0.0101318,0.242717,0.0239416,0.09292,0.0986571,0.178621,0.0120871,0.013165,0.0392342,0.0986749,0.0154141,0,0,0,0.00213588,0,0.0618516,0,0,0.0734677
#[j_choice,3]
%8.39633e-05,0.00842008,0.0147243,0.0490059,0.0527237,0.016409,0.0373119,0.0452092,0.0531521,0.0558567,0.0561749,0.126233,0.140171,0.048811,0.0514419,0.00924417,0.0126409,8.46554e-46,0.00131149,0,0,0.187052,0.0340229
#[j_choice,4]
%0.000450992,0.000101023,0.0510086,0.0491674,0.0725279,0.0715584,0.137039,0.0912679,0.0746289,0.148476,0.114191,0.101064,0.0150831,0.0261013,0.00742215,0.0295818,4.35041e-18,0.00134561,0.00208439,0.00345974,1.36411e-23,0,0.00343956
#[j_choice,5]
%0,0,0.0280608,0.0489658,0.0178583,0.0469281,0,0.0626003,0.0876691,0.0907623,0.147649,0.0756122,0.087631,0.0423401,0.187717,0,0,0.00969096,0.0482655,6.16997e-13,0,0,0.0182489
#[j_choice,6]
%0.00285306,0.00231345,0.0274426,0.00666133,0.0183269,0.0155434,0.0370215,0.0189405,0.115974,0.0687908,0.0835612,0.214823,0.143147,0.0604089,0.148777,0,0,0.00116041,0.034255,5.99251e-21,1.13503e-49,0,0
#[j_choice,7]
%0.000389122,0.0063023,0.0349864,0.00277092,0.079413,0.0413764,0.057168,0.0515398,0.147409,0.100339,0.123428,0.0665945,0.116079,0.0943509,0.0336628,0.00882362,0.00373534,0.00448531,0.000457195,0.015171,0.00666504,0.00485392,2.23647e-25
#[j_choice,8]
%0.00539016,0.00152444,0.00962164,0.00248467,0.0524832,0.067604,0.0754394,0.0825284,0.203635,0.0816204,0.0968919,0.0688724,7.02728e-05,0.0879614,0.00345281,0.00410204,0.00549889,0,0,0,0,0.143698,0.00712035
#[j_choice,9]
%0,2.12858e-05,0.0817066,0.0342929,0.0307479,0.134162,0.182134,0.105985,0.135668,0.0920545,0.0753116,0.0489913,0.0247413,0.0062934,0.0270734,0,0,0.00204933,0.00661027,0,0,0.00865645,0.00350028
#[j_choice,10]
%0,4.28285e-08,0.0645099,0.0821616,0.0461964,0.0994025,0.0709369,0.102625,0.035459,0.0352903,0.0422005,0.0358189,0.0563255,0.0204013,0.00525646,0.00595154,0.000203227,0,0.00542803,0,0.00434832,0,0.287485
#[j_choice,11]
%0.00180632,3.40314e-05,0.0139552,0.00882512,0.00590377,0.071628,0.170017,0.119001,0.159156,0.271519,0.0243857,0.0779305,0.00285618,0.0403117,0.00352647,5.32993e-35,0,0,0.00155075,0.00217926,0,0.0189972,0.00641722
#[j_choice,12]
%0.00130408,0.00114161,0.0286365,0.000528182,0.0551141,0.0463034,0.0275766,0.0230027,0.0756474,0.0227063,1.93446e-06,0.00288515,4.66976e-31,0,0,0,0,0,0,0,0,0,0.715152
#[j_choice,13]
%0.00139374,0.00761464,0.0226994,0.000582159,0.0835467,0.0578506,0.128337,0.256973,0.15012,0.0921156,0.0862863,0.052052,0.00438909,0.0268243,0.00588895,0.00232534,0.00352739,0.00116925,0.00413694,0.00464093,0.00631886,5.56281e-05,0.00115141
#[j_choice,14]
%0,0,0,0,0,0,0,0,0,0,0,0,0,0,0,0,0,0,0,0,0.236229,0.697888,0.0658832
@vd_ins
$Dim[31]
#
%0.0531118,0.0668245,0.0981445,0.136084,0.138192,0.107897,0.0887092,0.081808,0.0580994,0.0416238,0.0323103,0.0234361,0.0163033,0.020192,0.0125516,0.00743928,0.00466855,0.00333407,0.00330862,0.00157822,0.000632202,0.00143221,0.00136636,0.000425654,0.00021799,1.97564e-06,8.8892e-07,2.4159e-07,7.24559e-12,4.18659e-21,0.000306195
@vd_dinucl
$Dim[16]
#
%0.264773,0.30034,0.244634,0.190253,0.14107,0.489263,0.192682,0.176984,0.234816,0.206193,0.382648,0.176344,0.206493,0.341635,0.188404,0.263468
@dj_ins
$Dim[31]
#
%0.068886,0.0574507,0.0814957,0.121659,0.120454,0.129617,0.0900005,0.0686064,0.04621,0.0392968,0.032786,0.025295,0.022446,0.0123977,0.0120042,0.0182327,0.00897523,0.00883527,0.00838227,0.010307,0.00576817,0.00265468,0.00245939,0.00157122,0.0017769,0.000868728,0.000306103,0.000121305,0.000294256,0.000258423,0.00058359
@dj_dinucl
$Dim[16]
#
%0.307441,0.171441,0.35404,0.167077,0.246354,0.305611,0.241253,0.206782,0.208548,0.176349,0.446947,0.168156,0.20258,0.276385,0.247521,0.273514
