@v_choice
$Dim[89]
#
%0.00542618,0.00478743,0.00471405,0.00361178,0.00859145,0.00774698,0.00785329,0.000904352,0,0,0.0253222,0.00972192,0.00271309,0.00293918,0.0217975,0.0220642,0,0.00452182,0.00406964,0.0131133,0,0.0185395,0,0.000452182,0.000452182,0.0253222,0.0151481,0.0110785,0,0.0544879,0.116437,0.0187655,0.007461,0,0.0332354,0.014922,0.0137915,0,0.0142437,0,0,0.0133394,0.00904364,0,0,0.027357,0.0171829,0.0196699,0,0.0725752,0.00180974,0.000903354,0.00972191,0,0.014922,0.00836536,0.000904364,0.00180873,0.009948,0.00705821,0.00695943,0.0146959,0.0327832,0,0.00926973,0.00203482,0.000226091,0.00293918,0,0.0569749,0,0,0,0.0314266,0,0.0334615,0,0.00655664,0.00949582,0.00678273,0,0.0142437,0,0.0289396,0.000226091,0,0,0,0.0341397
@j_choice
$Dim[15]
#
%0.0829757,0.0431302,0.015353,0.0419059,0.0734795,0.00926973,0.0187655,0.148768,0.0674563,0.0926982,0.0462447,0.0881568,0.0759693,0.195223,0.000604256
@d_gene
$Dim[15,3]
#[j_choice,0]
%0.823869,0.154917,0.0212142
#[j_choice,1]
%0.847155,0.108676,0.0441689
#[j_choice,2]
%0.720495,0.0871477,0.192358
#[j_choice,3]
%0.810984,0.138523,0.0504932
#[j_choice,4]
%0.816128,0.136328,0.0475439
#[j_choice,5]
%0.907171,0.0814974,0.011332
#[j_choice,6]
%0.861684,0.0725847,0.0657308
#[j_choice,7]
%0.244906,0.402249,0.352845
#[j_choice,8]
%0.44133,0.278728,0.279942
#[j_choice,9]
%0.247173,0.455296,0.297531
#[j_choice,10]
%0.657712,0.156488,0.1858
#[j_choice,11]
%0.449202,0.331583,0.219215
#[j_choice,12]
%0.445837,0.344875,0.209287
#[j_choice,13]
%0.455887,0.183137,0.360976
#[j_choice,14]
%0.0997334,0.860316,0.0399505
@v_3_del
$Dim[89,21]
#[v_choice,0]
%0,0.0180946,0,0.177842,0.0847452,0.232358,0.0427754,0.135221,0.0430628,0.127962,0,0.0259848,0.0427714,0.0691834,2.7016e-08,6.35494e-16,1.40609e-20,2.11201e-28,1.82909e-37,4.71003e-45,0
#[v_choice,1]
%0,0,0,0.0610527,5.10439e-05,0,0.139352,0.112179,0.0804382,0.160365,0.0793304,0.181063,0.0239638,0.00894545,0.0465553,0.106698,6.99251e-06,2.15031e-16,5.02424e-26,3.10168e-33,7.97473e-42
#[v_choice,2]
%0,0,0,0.0618014,4.55651e-05,0,0.140497,0.112072,0.0801468,0.160558,0.079004,0.18109,0.0232913,0.00862554,0.0459012,0.106964,3.63241e-06,0,0,0,0
#[v_choice,3]
%0,0,0,0,0.0604794,0.11313,0.0682431,0,0.246872,4.29665e-07,0.0977809,0.274371,0.0558393,0.0743093,0.00897468,4.12736e-13,2.42107e-16,1.68122e-24,3.38561e-32,1.2989e-40,0
#[v_choice,4]
%0,0,0.0250732,0,0.0506811,3.84989e-07,0.00793214,0.19674,0.0828615,1.62138e-07,0.1737,0.141896,0.0600155,0.15781,0.103289,3.40333e-11,2.48235e-15,7.94947e-23,3.56796e-30,3.69113e-37,1.20694e-44
#[v_choice,5]
%0,0,0.0539095,0.0168122,0.0383774,0.0451179,0.0591474,0.16707,0.026823,0.0852412,0.164446,0.175255,0.0426592,0,0.0769773,0.0481496,1.47455e-05,0,0,0,0
#[v_choice,6]
%0,0,0.0535069,0.0168299,0.038221,0.0449441,0.0589324,0.166563,0.0270347,0.0854056,0.163913,0.175353,0.0433533,1.94375e-17,0.0774658,0.048455,2.23457e-05,8.73735e-13,9.97644e-20,3.06578e-28,2.06271e-36
#[v_choice,7]
%0,0,0,0.154973,0.0688535,0,0.275131,0,0,0.250456,0,0,0.250586,9.04505e-10,3.55178e-17,2.75593e-26,5.6952e-31,2.57772e-39,0,0,0
#[v_choice,8]
%0,0,0,0,0,0,0,0,0,0,0,0,0,0,0,0,0,0,0,0,0
#[v_choice,9]
%0,0,0,0,0,0,0,0,0,0,0,0,0,0,0,0,0,0,0,0,0
#[v_choice,10]
%0,0.0226975,0.00189692,0.0397355,0.024957,0.153132,0.118528,0.0557703,0.0651794,0.359942,0.0627772,0.0436036,0.0320294,0.0108208,3.06159e-08,0,0,0,0,0.00892986,3.8951e-11
#[v_choice,11]
%0,0,0,0,0.0386149,0.0693646,0.20483,0.0494288,0.153512,0.293634,0.0728616,1.81318e-11,0.0682729,0.0214267,0.0280544,2.06437e-12,9.77413e-17,7.6446e-25,6.77617e-33,1.11992e-41,0
#[v_choice,12]
%0,0,0.0802014,0,9.93694e-07,0.33443,8.35813e-07,0,0.0278414,0.385825,0.00239591,0.169305,1.2162e-08,9.63526e-16,7.87928e-22,1.13282e-29,5.23441e-35,7.2418e-43,0,0,0
#[v_choice,13]
%0,0.0469688,0.0759575,0.170245,0.0533247,0.267821,3.06563e-08,0,0.0600662,0.167044,0.0138865,0.0582032,5.19416e-05,0.0241967,0.0622335,2.68196e-07,1.64469e-17,8.10424e-24,6.06046e-31,5.71496e-38,3.68022e-46
#[v_choice,14]
%0,0,0.00186348,0.0160878,0.000346911,0.0486805,0.0501319,0.155035,0.0872519,0.18787,0.196657,0.150619,0.0741196,0,0.0159352,0,0,0.0050377,0,0.00434,0.00602463
#[v_choice,15]
%0,0,0.0018434,0.0160089,0.000348776,0.0483605,0.0499938,0.154494,0.0872038,0.187481,0.19651,0.151041,0.0747122,1.6406e-07,0.0163554,5.4819e-15,0,0.00512854,3.64466e-46,0.00441642,0.00610123
#[v_choice,16]
%0,0,0,0,0,0,0,0,0,0,0,0,0,0,0,0,0,0,0,0,0
#[v_choice,17]
%0,2.22646e-05,0.0607128,0.236906,0.0523974,0,0.196655,1.15142e-24,0.0701066,0.106112,0.136407,0.140681,2.55666e-11,1.394e-20,4.55445e-28,1.08875e-35,4.24405e-41,1.01615e-46,0,0,0
#[v_choice,18]
%0,0,0,0,0.221142,2.32194e-05,0,0,0.220017,0.394617,0,0.102503,0.0616986,1.77304e-10,9.44683e-18,1.13085e-26,1.70628e-30,5.18493e-38,6.29446e-46,0,0
#[v_choice,19]
%0.0081856,0.0156441,0.0105134,0.135011,0.0585304,0.200629,0.0189008,0.093233,0.32779,0.000553872,0.0676951,0.0440135,0.0193005,3.35116e-09,3.83373e-15,2.01998e-24,9.90612e-29,1.85239e-36,1.99358e-45,0,0
#[v_choice,20]
%0,0,0,0,0,0,0,0,0,0,0,0,0,0,0,0,0,0,0,0,0
#[v_choice,21]
%0.000622341,0.000281115,0.0919858,0.110344,0.0810475,0.171242,0.0175163,0.22801,0.0792075,0.0874186,0.0460626,6.028e-14,0.0680132,0.0182496,1.1386e-08,9.37441e-21,7.75159e-25,1.05134e-30,2.7806e-39,1.64415e-50,0
#[v_choice,22]
%0,0,0,0,0,0,0,0,0,0,0,0,0,0,0,0,0,0,0,0,0
#[v_choice,23]
%0,0,0,0,0,0.496353,0,0,0.503633,1.35543e-05,5.89601e-14,3.31284e-21,3.36458e-30,1.42994e-38,0,0,0,0,0,0,0
#[v_choice,24]
%0,0,0,0,0,0,0,0.202585,0.797415,4.73978e-09,7.57143e-22,2.62331e-28,7.92473e-32,1.9493e-32,7.07302e-38,1.64441e-44,0,0,0,0,0
#[v_choice,25]
%0,0.00245283,0.0141314,0.0411853,0.000387565,0.0436031,0.237942,0.0824137,0.230471,0.150055,0.125508,0.0015733,0.0354347,0,0.015274,0.019564,4.02462e-06,2.46586e-17,1.3252e-25,1.23424e-33,6.5966e-42
#[v_choice,26]
%0,0.0133596,0.0139268,3.54526e-07,0.0127293,0.0758995,0.0681077,0.111016,0.073633,0.181156,0.0971539,0.139935,0.0393798,0.0645439,0.00791385,0.101235,1.01764e-05,6.3035e-11,8.10876e-19,1.37487e-26,1.32262e-35
#[v_choice,27]
%0,0,0,0.0254734,0.00937467,0.0843985,0.0603863,0.160579,0.0924524,0.0576546,0.102338,0.183117,0.158349,1.24513e-05,0.0416285,0.0242361,1.71144e-07,1.74037e-19,1.95575e-29,8.19037e-38,4.2877e-46
#[v_choice,28]
%0,0,0,0,0,0,0,0,0,0,0,0,0,0,0,0,0,0,0,0,0
#[v_choice,29]
%0.00013025,0,1.54244e-05,0.122962,0.0271679,0.15342,0.00736967,0.246551,0.0142037,0.13163,0.236201,0.0172063,0.00935438,0.00165922,0.0124103,0.00436001,0.00225442,0.00805139,0.00505218,8.46611e-09,1.87954e-23
#[v_choice,30]
%4.31325e-05,0.00471553,0.00930298,0.0319415,0.0676536,0.0881933,0.122683,0.15739,0.172588,0.0381839,0.1125,0.0493946,0.0642999,0.0203039,0.0302855,0.0105522,0.0152502,0.00267479,1.02512e-09,0.00204431,3.93675e-17
#[v_choice,31]
%0,0,0,0.00195162,0.050671,0.0922498,0.00409293,0.136667,0.336469,0.0642276,0.0950774,0.0530841,0.0638924,0.0236621,0.0415057,2.54824e-08,0.0157249,0.0207249,4.04208e-11,1.72299e-19,6.10418e-29
#[v_choice,32]
%0,0,0,0,0.0705765,0.0919393,0.064999,0.13948,0.142132,0.0200446,0.193619,0.14835,0.0683366,0,0,0.0159498,0.0445726,8.78832e-12,1.31609e-21,7.61302e-30,8.6753e-39
#[v_choice,33]
%0,0,0,0,0,0,0,0,0,0,0,0,0,0,0,0,0,0,0,0,0
#[v_choice,34]
%0,0,0.00914988,0.0296517,7.64895e-36,0.0413358,0.082189,0.11642,0.0394244,0.271,0.159233,0.137241,0.0316451,0.0445683,0.0162605,0.0218795,1.56845e-06,5.42583e-16,3.07986e-25,5.60061e-33,1.42253e-42
#[v_choice,35]
%0,0,0,0.0245696,0.0155675,0.0440929,0.0587728,0.229038,0.130987,0.114356,0.155154,0.087622,0.0325648,0,0.0400961,0.0520445,9.98813e-07,0,0,0,0.0151336
#[v_choice,36]
%0.0145507,1.07624e-07,0.023054,0.0276671,0.00130309,0.0971505,0.0522702,0.0593809,0.180421,0.0995112,0.142261,0.130938,0.152984,0.0185095,1.00476e-11,1.65802e-21,6.55762e-30,1.90176e-36,7.96938e-47,0,0
#[v_choice,37]
%0,0,0,0,0,0,0,0,0,0,0,0,0,0,0,0,0,0,0,0,0
#[v_choice,38]
%0,0.0119732,7.28878e-38,0.0158161,0.0595688,0.262454,0.0978233,0.20451,0.196556,0.113475,0.0174508,0.0203719,1.27537e-15,4.65071e-25,4.37557e-32,1.02916e-41,4.84092e-47,0,0,0,0
#[v_choice,39]
%0,0,0,0,0,0,0,0,0,0,0,0,0,0,0,0,0,0,0,0,0
#[v_choice,40]
%0,0,0,0,0,0,0,0,0,0,0,0,0,0,0,0,0,0,0,0,0
#[v_choice,41]
%0,0,0,0.0578202,0.158998,0.199527,0.0439308,0.139125,0.172695,0.0878749,0.0228842,0.0607642,0.039632,1.10637e-41,0.0167486,2.70726e-13,3.80384e-18,1.86218e-26,7.03157e-35,7.22912e-44,0
#[v_choice,42]
%0,0,0.0312269,0.053305,0.0496391,0.0503122,0.234195,0.153653,0.216965,0.0507283,0.0300875,0.0144624,0.0742499,0.0411756,1.40282e-10,2.1374e-18,1.52908e-26,7.91683e-34,3.40228e-42,2.01628e-48,0
#[v_choice,43]
%0,0,0,0,0,0,0,0,0,0,0,0,0,0,0,0,0,0,0,0,0
#[v_choice,44]
%0,0,0,0,0,0,0,0,0,0,0,0,0,0,0,0,0,0,0,0,0
#[v_choice,45]
%0,1.45686e-34,0.00809739,0.169694,0.105037,0.14428,0.103512,0.116467,0.153607,0.106941,0.0247046,0.00567898,0.0236676,0.00960526,0.0287084,7.88881e-14,6.90206e-19,1.27512e-27,1.81366e-37,3.79065e-46,0
#[v_choice,46]
%0.00378479,0,0.0683762,0.126358,0.0708209,0.116267,0.129563,0.0700854,0.258704,0.0527095,0.0740913,0.0161688,0.0130706,1.23032e-10,7.09034e-20,1.91101e-24,2.5496e-27,5.80355e-33,1.4928e-39,1.33937e-46,0
#[v_choice,47]
%0,0,0,0.11642,0.193634,0.210264,0.0889753,0.0392855,0.177252,0.103133,0.00769668,0.0130229,0.0270399,6.52615e-09,0,0.0232754,1.70853e-06,5.01844e-26,1.58077e-39,0,0
#[v_choice,48]
%0,0,0,0,0,0,0,0,0,0,0,0,0,0,0,0,0,0,0,0,0
#[v_choice,49]
%0,0.000298773,0.0137107,0.0175355,0.15435,0.115182,0.0929021,0.139208,0.269459,0.0447607,0.0590642,0.0480568,0.000239435,0.0314868,0.0104772,1.99783e-07,0.00326793,1.76534e-08,2.84561e-15,6.15651e-22,3.21931e-29
#[v_choice,50]
%0,0,0,0,0.0453796,0.453672,4.55213e-21,0.0809336,0.166078,0,0.128874,4.27928e-11,0,0,0.124874,0.00018884,7.36977e-19,4.19384e-27,2.85945e-35,0,0
#[v_choice,51]
%0,0,0,0,0,0.180311,0.303196,1.11263e-07,0.516493,1.23097e-08,3.97864e-16,9.78964e-23,2.35615e-30,3.94807e-37,4.30068e-46,0,0,0,0,0,0
#[v_choice,52]
%0,0,0,0.000446647,0.107593,0.10235,0.0895205,0.173924,0.251359,0.102083,0.0444648,0.0626876,0.0655717,1.07056e-08,1.57425e-17,8.53249e-22,1.68769e-29,9.58823e-38,1.20864e-46,0,0
#[v_choice,53]
%0,0,0,0,0,0,0,0,0,0,0,0,0,0,0,0,0,0,0,0,0
#[v_choice,54]
%0,0,0.00304554,2.11129e-06,0.110024,0.221412,0.0365239,0.12094,0.437326,0.00100652,0.0697197,1.72756e-11,5.92475e-21,4.83001e-29,4.41079e-38,6.47036e-43,0,0,0,0,0
#[v_choice,55]
%0,0,0,0,0.156421,0.0644821,0.160457,0.0680119,0.322279,0.145525,4.15536e-07,0.0285454,1.33795e-26,0,0.0542776,4.61122e-07,4.58616e-15,7.87347e-23,1.58304e-30,5.91625e-38,6.1128e-47
#[v_choice,56]
%0,0,0,0,0,0,0.158253,0.301917,0.289802,1.99137e-09,0,0,0,0.250028,1.72777e-12,4.7318e-17,4.26783e-25,2.52405e-33,1.86981e-47,0,0
#[v_choice,57]
%0,0,0,0,0.159855,0.214198,0,0,0.211847,0.285957,1.81056e-07,0,0,0.128142,4.06497e-11,6.21218e-16,9.61037e-25,8.24208e-31,1.51926e-40,4.29652e-50,0
#[v_choice,58]
%0,0,0,0,0.0307615,0.131494,0.0782599,0.0463628,0.0456719,0.0947019,0.156585,0.0543842,0.22607,0.0134601,0.0618279,0.0170704,0.0433508,9.56823e-12,1.52924e-21,1.25659e-31,3.87491e-40
#[v_choice,59]
%0,0,0,0.00158526,0.0108365,0.0857935,0.164265,0.0786174,0.126704,0.0800032,0.231131,0.0666603,0.105961,0.0149791,0.0174297,3.55553e-37,0,0,0,0,0.0160337
#[v_choice,60]
%0,0,0,0.0015983,0.0109329,0.0864948,0.165402,0.0783317,0.12638,0.0797177,0.231794,0.0660754,0.105456,0.0145894,0.0170022,0,0,0,0,0,0.0162264
#[v_choice,61]
%0,7.60217e-05,0.0539214,0.0145539,0.0821482,0.0355062,0.0604851,0.205286,0.143064,0.000536602,0.134283,0.125584,0.0516272,0,0.0613963,0,0.0157991,0,0.0157329,1.44905e-09,8.77835e-18
#[v_choice,62]
%0,0.00613468,0.000611975,0.0986523,0.0284191,0.00364607,0.147939,0.085326,0.055996,0.142035,0.207907,0.0835833,0.0703951,0.00809312,0.0307103,0.0189572,0.0115938,1.10896e-11,1.72806e-20,1.00252e-28,2.28643e-38
#[v_choice,63]
%0,0,0,0,0,0,0,0,0,0,0,0,0,0,0,0,0,0,0,0,0
#[v_choice,64]
%0,0,0.0146673,0.0730558,0.10441,7.60994e-07,0.179315,0.00564251,0.0774459,0.156141,0.139239,0.0839292,0.0457551,0.0657803,0.0262638,0.0283466,8.0465e-06,2.74254e-14,2.97455e-23,5.55841e-32,6.82292e-40
#[v_choice,65]
%0.00790489,0.0495516,0.0963902,0.184796,0,0.0745075,0.250054,8.11325e-07,0,0.225681,2.89681e-09,0,0,0,0,0.11111,3.68481e-06,8.15176e-18,4.69097e-26,2.09348e-35,1.50443e-47
#[v_choice,66]
%0,0,0,0,0,0,0,0,0,0,0,0,0.9854,0.0146003,3.19157e-08,6.55917e-15,2.72528e-18,7.36665e-25,4.51836e-33,3.07555e-41,0
#[v_choice,67]
%0,0,0,0,0,0,0.0662932,0.0633296,0.0133768,0.464488,0.0402993,0.202192,0,0.0717065,1.18004e-30,0.0773655,0.00094841,9.855e-20,1.4433e-39,0,0
#[v_choice,68]
%0,0,0,0,0,0,0,0,0,0,0,0,0,0,0,0,0,0,0,0,0
#[v_choice,69]
%0,0,0,0.00666657,0.00895685,0.152255,0.114117,0.0853168,0.168796,0.344956,0.0795652,0.0270563,0.0123142,1.22333e-11,1.13364e-19,1.24765e-28,1.86607e-32,7.65255e-41,0,0,0
#[v_choice,70]
%0,0,0,0,0,0,0,0,0,0,0,0,0,0,0,0,0,0,0,0,0
#[v_choice,71]
%0,0,0,0,0,0,0,0,0,0,0,0,0,0,0,0,0,0,0,0,0
#[v_choice,72]
%0,0,0,0,0,0,0,0,0,0,0,0,0,0,0,0,0,0,0,0,0
#[v_choice,73]
%0,0,0.00161185,0.0105439,0.018271,0.10233,0.141806,0.0214575,0.0515208,0.477887,0.0744951,0.019447,0.00841006,0,0.0181497,0.0261733,0.0133003,0,0.00726789,0,0.00732862
#[v_choice,74]
%0,0,0,0,0,0,0,0,0,0,0,0,0,0,0,0,0,0,0,0,0
#[v_choice,75]
%0.00664942,0,0,0.00085074,0.0135586,0.0732017,0.140945,0.0227709,0.172843,0.378798,0.0679023,0.033026,0.0245591,0.0198584,0.02433,0.000926546,0.0197796,1.24541e-10,0,3.70936e-07,2.36628e-21
#[v_choice,76]
%0,0,0,0,0,0,0,0,0,0,0,0,0,0,0,0,0,0,0,0,0
#[v_choice,77]
%0,0,0,0,0,0.123447,0.136469,0.0288555,0.110498,0.322793,0.050505,0.155149,0.0376498,0,0,0.0346322,7.91118e-07,1.42778e-15,2.26936e-23,4.79489e-32,4.79162e-40
#[v_choice,78]
%0,0,0,0.0643205,0.000719673,0.265103,0.00192039,0.115574,0.13238,0.339919,0.00110387,0.0550016,3.77387e-10,0,0.0239572,5.32218e-07,9.21799e-12,7.17988e-20,4.32384e-28,1.06772e-36,1.6505e-47
#[v_choice,79]
%0,0,0,0,0.00896261,0.0774921,0.252265,0.139453,0.00421962,0.321642,0.109498,0.0514783,0.00168768,0,0,0.0332976,4.24322e-06,9.17442e-14,1.16951e-21,4.34332e-30,2.02065e-38
#[v_choice,80]
%0,0,0,0,0,0,0,0,0,0,0,0,0,0,0,0,0,0,0,0,0
#[v_choice,81]
%0,0,0,0.001456,0.00341304,0.249161,0.0549023,0.0265244,0.114526,0.411884,0.0190293,0.0517952,0.0354953,1.13199e-18,0,0.0159948,3.02026e-05,0,0,0,0.0157887
#[v_choice,82]
%0,0,0,0,0,0,0,0,0,0,0,0,0,0,0,0,0,0,0,0,0
#[v_choice,83]
%0,0,0.0106896,0.0239072,0.00988492,0.109781,0.11208,0.0858891,0.0939157,0.387339,0.0269612,0.0439057,0.0156867,0.0481316,2.95695e-08,0.0318262,2.58158e-06,1.94109e-15,8.35676e-24,1.50094e-32,1.44292e-40
#[v_choice,84]
%0,0,0,0,0,0,0,0,0,0,1,9.78884e-09,0,0,0,0,0,0,0,0,0
#[v_choice,85]
%0,0,0,0,0,0,0,0,0,0,0,0,0,0,0,0,0,0,0,0,0
#[v_choice,86]
%0,0,0,0,0,0,0,0,0,0,0,0,0,0,0,0,0,0,0,0,0
#[v_choice,87]
%0,0,0,0,0,0,0,0,0,0,0,0,0,0,0,0,0,0,0,0,0
#[v_choice,88]
%0,0,0.0136902,5.09848e-05,0.213632,0.00381952,0.0960849,0.183545,0.334559,0.0250621,0.0739031,0.0283419,0.00391758,0.0162778,0,0.00711612,2.59884e-11,3.92987e-19,1.17531e-27,7.9338e-36,5.80861e-46
@d_5_del
$Dim[3,21]
#[d_gene,0]
%0.0021129,0.00301944,0.0506542,0.0151803,0.100357,0.157343,0.149876,0.095167,0.147151,0.0969389,0.0710601,0.0397979,0.0223397,0.035602,2.19957e-05,0.0065028,0.00687614,0,0,0,0
#[d_gene,1]
%0.00126975,0.00143292,0.0209259,0.00829928,0.0509736,0.0620052,0.0674641,0.0340233,0.0914433,0.105979,0.0505565,0.059109,0.145661,0.101448,0.0751432,0.0487041,0.0409492,0.0164742,0.00137035,0.00543601,0.0113328
#[d_gene,2]
%0.00020854,0.00214615,0.0550406,0.0276709,0.0742881,0.0918401,0.0864743,0.0669421,0.12516,0.0812127,0.0645449,0.066093,0.0544057,0.0723609,0.0159398,0.0522093,0.0333833,0.0154377,0.00095518,0.00415257,0.00953472
@d_3_del
$Dim[3,21,21]
#[d_gene,0],[d_5_del,0]
%0,0,0,0,0,0.000831862,3.27207e-06,0.195909,0.0307864,0,0,0.000159753,0.258812,0.000685072,0,0,0,0.00349504,0.092647,0.0744607,0.34221
#[d_gene,0],[d_5_del,1]
%0,0,0,0.0807937,0.196843,0.0419246,0.151083,0.0814534,0.00855736,0.00237334,0.00743455,0.0062773,0.0648617,1.07984e-05,0,0,1.72383e-07,0.00178869,0.232683,0.123916,0
#[d_gene,0],[d_5_del,2]
%0,0,0,0.00778497,0.00816601,0.0743801,0.137565,0.250478,0.0675716,0.168905,0.237958,0.0291926,0.0157389,1.05622e-22,0,0,3.63463e-07,3.69441e-05,0.00222305,0,0
#[d_gene,0],[d_5_del,3]
%0,0,0,6.40317e-06,4.66058e-05,0.0975088,0.0565674,0.38621,0.045178,0.153715,0.0396769,0.184736,0.0352028,1.14328e-09,0,0,4.68455e-05,0.00110545,0,0,0
#[d_gene,0],[d_5_del,4]
%0,0,0,4.79964e-05,0.0247726,0.0392922,0.072012,0.143748,0.110218,0.32075,0.104145,0.118593,0.0664015,1.45288e-11,0,0,1.95587e-05,0,0,0,0
#[d_gene,0],[d_5_del,5]
%0,0,0.00175324,0.000354534,0.0207249,0.0134163,0.0902994,0.206036,0.131366,0.222104,0.0526884,0.125706,0.13545,1.72747e-06,7.84253e-05,2.13161e-05,0,0,0,0,0
#[d_gene,0],[d_5_del,6]
%0,0,1.19981e-06,0.00213907,0.0509764,0.0188426,0.161377,0.306577,0.133886,0.127848,0.0520953,0.142077,0.00417701,1.10041e-10,3.22028e-06,0,0,0,0,0,0
#[d_gene,0],[d_5_del,7]
%0,0,0.000626307,0.000520872,0.062397,0.0148895,0.144139,0.306674,0.0639079,0.162497,0.241893,0.0023506,0.00010307,2.02345e-06,0,0,0,0,0,0,0
#[d_gene,0],[d_5_del,8]
%0,1.28747e-06,0.0166104,0.00929973,0.0679823,0.0386773,0.117699,0.302075,0.133112,0.313969,0.000571784,9.03001e-07,1.23045e-06,0,0,0,0,0,0,0,0
#[d_gene,0],[d_5_del,9]
%0,0,0.000669273,0.00129625,0.0709318,0.12881,0.14386,0.247272,0.396209,0.0108759,7.54814e-05,2.64062e-07,0,0,0,0,0,0,0,0,0
#[d_gene,0],[d_5_del,10]
%0,0,0.0217596,0.0453217,0.116521,0.297006,0.292797,0.225648,0.000946176,9.54413e-07,1.09557e-08,0,0,0,0,0,0,0,0,0,0
#[d_gene,0],[d_5_del,11]
%0.00246937,3.01744e-07,0.0440751,0.00439388,0.0449323,0.50795,0.396029,0.000149618,4.23644e-09,1.56289e-11,0,0,0,0,0,0,0,0,0,0,0
#[d_gene,0],[d_5_del,12]
%2.56113e-06,1.63269e-07,0.00237039,0.0235567,0.255675,0.717207,0.00118503,3.22952e-06,6.96422e-20,0,0,0,0,0,0,0,0,0,0,0,0
#[d_gene,0],[d_5_del,13]
%0,0.00813988,8.20498e-06,0.055378,0.936239,0.00021125,1.06961e-06,2.25196e-05,0,0,0,0,0,0,0,0,0,0,0,0,0
#[d_gene,0],[d_5_del,14]
%0,0,0,0,0.00573475,0.00233095,0.991934,0,0,0,0,0,0,0,0,0,0,0,0,0,0
#[d_gene,0],[d_5_del,15]
%0,0,0,0.00767794,0.838816,0.153506,0,0,0,0,0,0,0,0,0,0,0,0,0,0,0
#[d_gene,0],[d_5_del,16]
%0,0,0,0,1,0,0,0,0,0,0,0,0,0,0,0,0,0,0,0,0
#[d_gene,0],[d_5_del,17]
%0,0,0,0,0,0,0,0,0,0,0,0,0,0,0,0,0,0,0,0,0
#[d_gene,0],[d_5_del,18]
%0,0,0,0,0,0,0,0,0,0,0,0,0,0,0,0,0,0,0,0,0
#[d_gene,0],[d_5_del,19]
%0,0,0,0,0,0,0,0,0,0,0,0,0,0,0,0,0,0,0,0,0
#[d_gene,0],[d_5_del,20]
%0,0,0,0,0,0,0,0,0,0,0,0,0,0,0,0,0,0,0,0,0
#[d_gene,1],[d_5_del,0]
%0,0,0,0,0,0,0.833548,1.49889e-05,0,0,0.0584359,1.28537e-29,0.0801673,0,0.0255545,0.000489588,0.000829984,0.000159286,0,0,0.000800233
#[d_gene,1],[d_5_del,1]
%0,0,0,0,0,0.604434,0.0334816,0.00309672,0.00280359,0.0219367,0.00596071,0.000538212,0.00233922,0,2.85416e-05,0.0147982,0.0071231,0,0,0,0.303459
#[d_gene,1],[d_5_del,2]
%0,0,0.005244,0,9.26933e-06,0.000184179,0.0012215,0.190301,0.00351303,0.153847,0.0106052,0.228293,0.0929465,0.0337997,0.02241,0.187506,0.030347,0,0,1.38309e-05,0.039758
#[d_gene,1],[d_5_del,3]
%0,0,5.59245e-05,0,0,9.39102e-05,3.44208e-05,0.0126268,0.00158078,0.199053,0.0121597,0.00652129,0.0299444,0.00918791,0.0213173,0.569785,0.0995403,3.49469e-13,0,5.80114e-06,0.0380936
#[d_gene,1],[d_5_del,4]
%0,0,0.0389145,8.28814e-05,0.0566961,0.00946047,0.111282,0.174037,0.00682697,0.064274,0.0415333,0.00962292,0.0992968,0.022337,0.0137391,0.224841,0.108711,9.45254e-10,3.46454e-10,5.21894e-06,0.0183391
#[d_gene,1],[d_5_del,5]
%1.17795e-05,0.0108994,0.0106187,1.46798e-06,0.0604385,0.210651,0.0830763,0.0276326,0.0295561,0.103499,0.0448609,0.0502837,0.0498606,0.0329493,0.030818,0.129384,0.120115,7.41088e-08,0.00214169,0.00320097,0
#[d_gene,1],[d_5_del,6]
%0,0,0.0157382,0.00121608,0.00103754,0.0820852,0.192737,0.254129,0.0382383,0.0543195,0.0250296,0.0556659,0.02491,0.000252296,0.00151378,0.248618,0.003922,7.47485e-11,0.000587805,0,0
#[d_gene,1],[d_5_del,7]
%0,0,0.0317076,0.0155273,0.000167941,0.127498,0.0908075,0.0607506,0.0104672,0.145252,0.061434,0.0164966,0.0446021,0.0421068,0.34672,0.00553353,0.000862703,6.66511e-05,0,0,0
#[d_gene,1],[d_5_del,8]
%0,0.0237765,0.00460554,0.000267542,0.00832524,0.185628,0.143901,0.147276,0.166789,0.0548631,0.0478798,0.0177804,0.0367862,0.148918,0.0131608,3.57474e-05,7.20071e-06,0,0,0,0
#[d_gene,1],[d_5_del,9]
%0.0074794,4.71783e-05,0.00621355,0.00421993,0.0138193,0.205084,0.209175,0.120199,0.0214627,0.108051,0.0407277,0.0152873,0.238784,0.009296,0.00015012,4.27186e-06,0,0,0,0,0
#[d_gene,1],[d_5_del,10]
%0,0,0.0207521,0.00845138,0.0133408,0.264755,0.212936,0.0333378,0.0493069,0.0769981,0.0995216,0.219226,0.000922223,0.000422166,3.00607e-05,0,0,0,0,0,0
#[d_gene,1],[d_5_del,11]
%0,0,0.0109198,0.0229409,0.0998623,0.181337,0.248237,0.0707916,0.119758,0.116776,0.12423,0.00507539,3.46922e-06,6.89154e-05,0,0,0,0,0,0,0
#[d_gene,1],[d_5_del,12]
%0,0.000112826,0.000130609,0.00464534,0.030241,0.0894797,0.0471715,0.393629,0.0729835,0.359069,0.00191085,0.000605993,2.00746e-05,0,0,0,0,0,0,0,0
#[d_gene,1],[d_5_del,13]
%0,0.0124678,0.0524999,0.165447,0.161065,0.171542,0.105555,0.228478,0.100016,0.00283848,1.37807e-05,7.71182e-05,0,0,0,0,0,0,0,0,0
#[d_gene,1],[d_5_del,14]
%6.30875e-05,9.40675e-05,0.0212162,0.161164,0.230891,0.141058,0.312719,0.131971,0.000373762,1.1537e-05,0.000439341,0,0,0,0,0,0,0,0,0,0
#[d_gene,1],[d_5_del,15]
%0.00042862,0.000131189,0.0337334,0.0770482,0.212742,0.469311,0.205122,7.56032e-05,1.71709e-05,0.00139066,0,0,0,0,0,0,0,0,0,0,0
#[d_gene,1],[d_5_del,16]
%0.0735685,0.00633398,0.0616645,0.0269118,0.562412,0.255926,0.00806301,0.000490184,0.0046295,0,0,0,0,0,0,0,0,0,0,0,0
#[d_gene,1],[d_5_del,17]
%0,0.0731176,0.0961523,0.173537,0.621743,0.0128042,0.000703237,0.0219425,0,0,0,0,0,0,0,0,0,0,0,0,0
#[d_gene,1],[d_5_del,18]
%0,0,0.000197383,0.000114243,0.00241556,0.101406,0.895867,0,0,0,0,0,0,0,0,0,0,0,0,0,0
#[d_gene,1],[d_5_del,19]
%0,0,0,0.0611755,0.0517737,0.887051,0,0,0,0,0,0,0,0,0,0,0,0,0,0,0
#[d_gene,1],[d_5_del,20]
%0,0,0,0,1,0,0,0,0,0,0,0,0,0,0,0,0,0,0,0,0
#[d_gene,2],[d_5_del,0]
%0,0,0,0,0,0,0,0,0,0,0.502485,2.69551e-07,0.270888,0,0.0297332,0.00278287,8.73336e-05,0,0,0,0.194023
#[d_gene,2],[d_5_del,1]
%0,0,0,0,0,1.35733e-06,0.00855432,0.0224112,0.0248689,0.0276714,0.00774627,0.000343706,0.000750704,0,0.000242212,0.0798118,0.0407019,1.55714e-07,1.21048e-07,0.441087,0.345809
#[d_gene,2],[d_5_del,2]
%0,8.45869e-05,0,0,0.000169465,0.000439022,0.174859,0.0648231,0.0131751,0.102144,0.0176019,0.0645896,0.032996,0.0110934,0.00545625,0.214837,0.0545834,0,0,0.00192897,0.241218
#[d_gene,2],[d_5_del,3]
%0,0.0571694,3.66228e-12,0,0,0.000474544,0.0811814,0.0495949,0.00104145,0.192839,0.0189965,0.00262974,0.0073419,0.0284623,0.0127659,0.330087,0.0515699,1.09947e-35,0,0.00478212,0.161064
#[d_gene,2],[d_5_del,4]
%0,7.17035e-08,0.0265078,0,0,3.31751e-05,0.0540279,0.097126,0.00755833,0.0875614,0.127065,0.00872688,0.106973,0.0555576,0.0156229,0.236994,0.0945805,8.29609e-11,6.93495e-12,0.000290275,0.0813756
#[d_gene,2],[d_5_del,5]
%0,0.000587479,0.0358826,0,0.000178308,0.0940781,0.258512,0.128396,0.0288788,0.0640881,0.0386299,0.0751332,0.0471472,0.02654,0.0256431,0.067554,0.0638712,3.43535e-07,0.0108236,0.0340554,0
#[d_gene,2],[d_5_del,6]
%0,0,0.0124891,0,0.0191443,0.00640429,0.184909,0.0883702,0.121147,0.0963857,0.017841,0.106306,0.0867945,0.000551578,0.00143158,0.234258,0.0115389,5.31974e-07,0.0124281,0,0
#[d_gene,2],[d_5_del,7]
%0.000595186,0.0309549,0.0547431,0.000279605,4.89902e-05,0.00547425,0.245282,0.0778273,0.00597201,0.0669324,0.112427,0.0261493,0.0502229,0.0542198,0.251702,0.00246171,0.012313,0.00239467,0,0,0
#[d_gene,2],[d_5_del,8]
%0,0.000128524,0.077319,0.00099158,0.00166878,0.0343694,0.233639,0.168045,0.168766,0.0887896,0.0416642,0.028763,0.0348183,0.0871875,0.0284478,0.00485941,0.00054295,0,0,0,0
#[d_gene,2],[d_5_del,9]
%0.00818799,2.68208e-07,0.0502595,4.97475e-08,0.0112991,0.0509346,0.333829,0.125332,0.0464081,0.110878,0.0245139,0.0115745,0.216097,0.00546618,0.00382511,0.00139501,0,0,0,0,0
#[d_gene,2],[d_5_del,10]
%0,0,0.0198755,0.0364842,0.141111,0.00309718,0.350226,0.029474,0.0458828,0.11442,0.0939759,0.150018,0.0147722,0.00017863,0.000484899,0,0,0,0,0,0
#[d_gene,2],[d_5_del,11]
%0,0,0.0260437,0.0371163,9.63607e-05,0.11678,0.371546,0.0352456,0.115047,0.0995412,0.153065,0.0426066,0.00276141,0.0001513,0,0,0,0,0,0,0
#[d_gene,2],[d_5_del,12]
%0,0.000315317,5.51795e-05,8.61243e-07,0.000624577,0.0440314,0.0644882,0.0308189,0.176564,0.682498,0.000504445,9.56992e-05,3.35952e-06,0,0,0,0,0,0,0,0
#[d_gene,2],[d_5_del,13]
%0,4.29872e-05,0.0303219,0.000149466,0.060187,0.0271935,0.652789,0.105723,0.121388,0.00219956,4.0324e-06,1.47642e-06,0,0,0,0,0,0,0,0,0
#[d_gene,2],[d_5_del,14]
%0,0.00687441,0.173804,0.0103222,0.268055,0.0181362,0.160716,0.360789,0.000644083,1.56492e-05,0.000643813,0,0,0,0,0,0,0,0,0,0
#[d_gene,2],[d_5_del,15]
%0.0017497,0.000258588,0.00284071,8.68961e-06,0.020581,0.0973682,0.856484,0.0203234,3.82318e-07,0.000385216,0,0,0,0,0,0,0,0,0,0,0
#[d_gene,2],[d_5_del,16]
%4.32297e-08,0.054762,0.065791,0.0363897,0.400637,0.432096,0.00715115,0.000614096,0.00255819,0,0,0,0,0,0,0,0,0,0,0,0
#[d_gene,2],[d_5_del,17]
%0,0.0702942,0.0992132,0.203482,0.579408,0.0242377,0.0018863,0.0214787,0,0,0,0,0,0,0,0,0,0,0,0,0
#[d_gene,2],[d_5_del,18]
%0,0,0.000222846,0.00010855,0.00134593,0.0516224,0.9467,0,0,0,0,0,0,0,0,0,0,0,0,0,0
#[d_gene,2],[d_5_del,19]
%0,0,0,0.242636,0.0604821,0.696882,0,0,0,0,0,0,0,0,0,0,0,0,0,0,0
#[d_gene,2],[d_5_del,20]
%0,0,0,0,1,0,0,0,0,0,0,0,0,0,0,0,0,0,0,0,0
@j_5_del
$Dim[15,23]
#[j_choice,0]
%0,0.00362734,0.0307106,0.0729699,0.0164979,0.192892,0.0685833,0.131227,0.125925,0.135089,0.0812902,0.0429377,0.0386853,0.00196454,0.00616384,0.0323677,6.1583e-06,2.03486e-17,0,0,0,0.0158384,0.00322366
#[j_choice,1]
%0,0.00780656,0.0127467,0.00685748,0.0573058,0.0179949,0.107173,0.100389,0.222789,0.103334,0.0720261,0.0942187,0.135832,0.0193503,0.0170925,5.38284e-09,0,0.0113233,0,0.00270905,0.00672284,9.08151e-08,0.00432892
#[j_choice,2]
%0,0.00867384,0.0453499,0.0762565,0.150551,0.0314615,0.211595,0.0732287,0.0933156,0.0899932,0.01262,0.0267012,0.0301552,0.0189,0,0.014728,5.09337e-08,0,0,0.0292573,0,0,0.0872127
#[j_choice,3]
%0.0017206,0.00619678,0.0266906,0.0384,0.0458375,0.0292159,0.0212801,0.0341585,0.0586172,0.0784364,0.0406583,0.0645586,0.10447,0.0456325,0.023368,0.0198484,0.00900556,0.01461,4.30512e-26,0.00232692,0,0.285915,0.0490533
#[j_choice,4]
%0.000724177,0.000931682,0.0623659,0.0550532,0.0369765,0.0316232,0.166981,0.10578,0.100965,0.0783433,0.0868002,0.140666,0.0100206,0.049489,0.0057922,0.0522064,0.00479345,0.00376919,0.00329458,0.00165079,0.0017739,1.41097e-37,0
#[j_choice,5]
%0,0.0022525,0.0974298,1.17716e-06,0.00356195,0.0632238,0.0152474,0.056433,0.0237088,0.0242014,0.169524,0.0284517,0.186337,0.0529157,0.131168,0.0549698,0,0.0569273,0.0336467,3.16812e-10,3.14122e-36,0,0
#[j_choice,6]
%0.000199266,0.0470928,0.035172,0.00375713,0.0669619,7.89594e-10,0.0275862,0.0791688,0.00976411,0.0494325,0.0976091,0.12338,0.0619435,0.119192,0.17004,0,0.00174919,0.0461836,0.0477198,0.013048,3.08276e-16,0,0
#[j_choice,7]
%0.000100975,0.00998376,0.0409554,0.0179882,0.0428966,0.0530025,0.087666,0.0716709,0.132459,0.0696421,0.0938005,0.0703607,0.154064,0.0861367,0.0275915,0.00831725,0.0103693,0.00995976,0.00669139,0.00288326,0.00185453,0,0.00160491
#[j_choice,8]
%0.00448429,0.00528539,0.0117773,0.000178427,0.0846543,0.0874064,0.0792364,0.0923316,0.146562,0.0713597,0.115933,0.0859854,0.00337905,0.0596985,0.0103694,0.00600857,6.10434e-07,0,0,0,0,0.121761,0.013589
#[j_choice,9]
%0,5.01253e-05,0.0325812,0.0252853,0.0422296,0.144052,0.172904,0.056006,0.203773,0.11544,0.0891682,0.0331799,0.0212911,0.00466875,0.0107726,0.0139009,0.00256195,0.00473922,0.0015678,0.00637162,0,0.00370713,0.0157496
#[j_choice,10]
%2.68568e-06,0,0.00744802,0.0947049,0.0441812,0.0924005,0.0901751,0.0627922,0.028005,0.0695946,0.0449593,0.00770539,0.0249759,0,0.00506971,0,0,0,0,0,2.58677e-09,0,0.427985
#[j_choice,11]
%0,2.33919e-05,0.0241113,0.00300406,0.00242633,0.0933197,0.193779,0.0645293,0.164681,0.314598,0.0599006,0.0131918,0.0144934,0.013313,0.00787057,3.78437e-12,0,0.00281022,0,0.0014909,0,0.0198869,0.00657083
#[j_choice,12]
%0,0,0.00602699,0.0131099,0.0684689,0.0143032,0.030164,0.0334689,0.0142892,0.0216207,7.63506e-07,4.48397e-18,1.08058e-19,0.00385097,0,0.00178907,0.00412915,0,0,0,0,0,0.788778
#[j_choice,13]
%0.000238271,0.0107684,0.029121,0.00816345,0.0750064,0.0921223,0.156012,0.178224,0.17664,0.0907382,0.0813994,0.0591218,0.00420943,0.0120152,1.31071e-10,0.00319829,0.00664299,0.00314257,0.00765286,0.00103935,0.0025354,0.00106016,0.000947668
#[j_choice,14]
%0,0,0,0,0,0,0,0,0,0,0,0,0,0,0,0,0,0,0,0,0,0.0299905,0.97001
@vd_ins
$Dim[31]
#
%0.054068,0.061334,0.1273,0.132138,0.172484,0.0973058,0.0781504,0.055387,0.0537047,0.0496707,0.0330728,0.0261715,0.0167987,0.0126732,0.00374361,0.0110072,0.00376333,0.00329431,0.00426372,3.83225e-05,6.34289e-05,0.0016655,0.0010032,8.04194e-05,3.2747e-06,0.00074858,6.59057e-05,4.009e-11,0,0,0
@vd_dinucl
$Dim[16]
#
%0.282748,0.310073,0.237943,0.169236,0.147178,0.503296,0.180223,0.169302,0.215528,0.195664,0.407402,0.181406,0.201233,0.343089,0.204127,0.25155
@dj_ins
$Dim[31]
#
%0.05794,0.0691012,0.106469,0.111906,0.136356,0.142798,0.0699346,0.0572695,0.039632,0.0383775,0.0205515,0.0143433,0.0189825,0.0107129,0.0123756,0.019374,0.00929313,0.0192885,0.0118985,0.00753538,0.00874948,0.00500021,0.00662747,0.00162269,0.00128952,0.0010861,0.000977579,0.000430848,7.65649e-05,7.83024e-07,0
@dj_dinucl
$Dim[16]
#
%0.333612,0.165563,0.355259,0.145566,0.257,0.311729,0.239447,0.191824,0.187782,0.166208,0.470008,0.176002,0.181394,0.305999,0.239988,0.272618
