@v_choice
$Dim[89]
#
%0.00538,0.0107396,0.0105949,0,0.0108837,0.00946027,0.00958617,0.0014223,0.00865606,0,0.0112561,0.0106363,0.00327747,0.00272092,0.0118176,0.0119905,0,0.00445241,0.0039577,0.00952322,0,0.0128007,0,0.00068023,0,0.0306104,0.00797724,0.0102035,0,0.0689506,0.152495,0.0144703,0.00977058,0,0.0417414,0.03228,0.010389,0,0.00946138,0,0,0.00785357,0.0068023,0,0,0.0190464,0.0134809,0.0273329,0,0.0493476,0.00105126,0,0.00513264,0,0.00927586,0.00451425,0.000865747,0.00173149,0.00896667,0.00660637,0.00650352,0.0166347,0.0478635,0.0116257,0,0.00216437,0.0011131,0.00154598,0,0.0275292,0.0095451,2.91985e-05,0,0.080329,0,0,0,0.0096469,0.00606023,0.000154945,0.00491586,0.00636943,0,0.0259724,6.18391e-05,0,0,0,0.0417414
@j_choice
$Dim[15]
#
%0.0982005,0.0477398,0.0121092,0.0332694,0.0892957,0.00847196,0.0187991,0.197763,0.0691,0.0830483,0.0331554,0.086565,0.0356812,0.18589,0.000911757
@d_gene
$Dim[15,3]
#[j_choice,0]
%0.832289,0.0952229,0.0724885
#[j_choice,1]
%0.825079,0.102622,0.0722988
#[j_choice,2]
%0.789054,0.0639621,0.146984
#[j_choice,3]
%0.853604,0.0748956,0.0715005
#[j_choice,4]
%0.841421,0.0985573,0.0600219
#[j_choice,5]
%0.896351,0.0612707,0.0423779
#[j_choice,6]
%0.86869,0.0584404,0.0728693
#[j_choice,7]
%0.266667,0.305967,0.427366
#[j_choice,8]
%0.437997,0.253928,0.308075
#[j_choice,9]
%0.310041,0.343751,0.346209
#[j_choice,10]
%0.613422,0.233045,0.153533
#[j_choice,11]
%0.425152,0.284589,0.290259
#[j_choice,12]
%0.475838,0.393019,0.131143
#[j_choice,13]
%0.515929,0.190125,0.293946
#[j_choice,14]
%0.0120997,0.19658,0.791321
@v_3_del
$Dim[89,21]
#[v_choice,0]
%0,0,0.00602298,0.127747,0.163621,0.158291,0.0498695,0.12737,0.0552757,0.0491253,0.111622,0.0566797,0.0244758,0.00840483,0.0102498,0.0397443,3.76523e-06,0,0,0,0.0114982
#[v_choice,1]
%0.000190332,4.99636e-05,0.0184378,0.0204046,0.0502242,0.011896,0.0764528,0.125564,0.0819971,0.0618635,0.157042,0.159911,0.0967672,0.0330997,0.062407,0.0407806,1.36541e-06,0,3.92415e-09,0,0.00291036
#[v_choice,2]
%0.00018673,4.60106e-05,0.0185076,0.0204626,0.0504974,0.0118601,0.0768682,0.126189,0.0819634,0.0617435,0.157479,0.159953,0.0963117,0.0325956,0.0619915,0.0404248,1.14352e-07,0,0,0,0.00291972
#[v_choice,3]
%0,0,0,0,0,0,0,0,0,0,0,0,0,0,0,0,0,0,0,0,0
#[v_choice,4]
%0,0,0.0180915,0.00199397,0.0216649,0.0691838,0.0425621,0.101776,0.154736,0.0518157,0.166744,0.107718,0.105679,0.0401967,0.0586757,0.0528946,0.000580678,7.22577e-25,0,0,0.00568699
#[v_choice,5]
%0.000363377,0.00700439,0.0212498,0.0185249,0.0260202,0.02404,0.0580745,0.0492571,0.0993412,0.010696,0.121475,0.127976,0.153807,0.0132644,0.0993465,0.141734,0.00955251,0.00342637,0.00601666,0.00464728,0.00418324
#[v_choice,6]
%0.000360429,0.006931,0.0210791,0.0184379,0.0258907,0.0239844,0.0578246,0.0491594,0.0990445,0.0108188,0.121111,0.127838,0.153756,0.0135782,0.0995604,0.141742,0.00991515,0.00364085,0.00631855,0.00478026,0.00422976
#[v_choice,7]
%0,0,0,0,0,0,0.0300892,0.0110999,0.26653,0.468172,0,0.0396696,0.110892,1.45321e-13,0,0.0648102,0.0087374,3.19448e-19,5.3772e-31,7.30508e-41,0
#[v_choice,8]
%0.00632631,0.00495449,0.000680719,0.0333973,0.0238867,0.156598,0.113455,0.126488,0.0914835,0.208495,0.0585401,0.0761427,0.0565534,2.9866e-39,0.0102627,0.0206393,0.0120958,2.35617e-11,3.10433e-20,1.46368e-28,1.29353e-37
#[v_choice,9]
%0,0,0,0,0,0,0,0,0,0,0,0,0,0,0,0,0,0,0,0,0
#[v_choice,10]
%0,0,0.0505277,0.0287205,0.0514764,0.0835919,0.107037,0.0751807,0.0838485,0.291618,0.0677338,0.0751431,0.023366,0.0103341,0.0109231,0.00204105,0.0274223,6.89904e-18,0,0.00422132,0.0068146
#[v_choice,11]
%0,0.00102188,0.0222428,0.0160017,0.0418888,0.0698488,0.0902088,0.121814,0.164744,0.17932,0.0770595,0.10328,0.0353681,0.0273011,0.0118782,0.0227731,0.00941975,0,0,0.00583035,1.0518e-12
#[v_choice,12]
%0,0,0,7.44569e-06,8.43724e-06,0.129326,0.0585672,0.105183,0.117716,0.355561,0.0283133,0.0595508,0.104917,0.0190401,0.0218083,8.10958e-12,1.00701e-15,1.81996e-24,2.6195e-36,1.02609e-47,0
#[v_choice,13]
%0,0,0,0.0211335,0.0794267,0.15368,0.0505941,0.118449,0.168358,0.229493,0.109449,0,0.0192997,0.0224279,0.0276888,2.82163e-09,1.10982e-17,1.22623e-25,1.85963e-33,4.8191e-42,0
#[v_choice,14]
%0,0,0.000896923,0.00800543,0.000459772,0.0280994,0.0880071,0.159261,0.0849375,0.202433,0.142583,0.142418,0.0604739,0.0251466,0.0367269,0.0129673,0.00497654,0,0,0,0.00260796
#[v_choice,15]
%0,0,0.000890839,0.00792978,0.000461228,0.027932,0.0873977,0.158321,0.0848645,0.201824,0.142558,0.142609,0.0611983,0.0257359,0.0372455,0.0132197,0.0052225,2.45634e-20,0,0,0.00258987
#[v_choice,16]
%0,0,0,0,0,0,0,0,0,0,0,0,0,0,0,0,0,0,0,0,0
#[v_choice,17]
%0,0.0216985,0.0632292,0.0300521,0.0278559,0.0480631,0.18933,0.0218305,0.0826798,0.0729207,0.169958,0.111388,0.0293674,0.00393057,0.0798008,0.0306037,0.0172914,1.25098e-10,2.16013e-18,1.5223e-26,2.19831e-34
#[v_choice,18]
%0,0,0,0,0.00370551,0.132931,0.152655,0.0636542,0.0695592,0.345172,0.0957453,0.0492209,0.0556555,0,0.0160732,0,0,0,0,0.0156276,1.12797e-12
#[v_choice,19]
%0,0.0113565,0.0230139,0.0635406,0.113537,0.188532,0.10366,0.0789519,0.114698,0.140337,0.019588,0.0450138,0.0497205,0.00855532,0.0244884,0.0150074,1.20261e-07,4.39085e-18,1.06927e-26,1.0981e-34,9.64474e-43
#[v_choice,20]
%0,0,0,0,0,0,0,0,0,0,0,0,0,0,0,0,0,0,0,0,0
#[v_choice,21]
%0,3.21306e-05,0.00687438,0.131111,0.0509099,0.154091,0.0505236,0.159547,0.0695859,0.138914,0.0494466,0.0374624,0.0453289,0.0192669,0.0388639,0.0335425,1.86088e-06,0,0,0.00298477,0.0115139
#[v_choice,22]
%0,0,0,0,0,0,0,0,0,0,0,0,0,0,0,0,0,0,0,0,0
#[v_choice,23]
%0,0,0,0.0908057,0,0,0,0.018036,0.614741,7.79066e-05,0,0.168614,0.107726,3.25698e-11,5.72211e-19,8.50964e-28,1.17953e-32,3.39522e-41,0,0,0
#[v_choice,24]
%0,0,0,0,0,0,0,0,0,0,0,0,0,0,0,0,0,0,0,0,0
#[v_choice,25]
%0,0,0.000608558,0.0293853,0.0352757,0.104567,0.194488,0.199041,0.207381,0.0587201,0.0840914,0.0225398,0.0381847,0.00858576,0.00888409,0.00310432,0.00312117,1.29121e-20,0,0,0.00202126
#[v_choice,26]
%0,0,0.00500884,0.0121908,0.00617052,0.0157923,0.0121255,0.128353,0.061049,0.151361,0.138893,0.126116,0.0351061,0.0878127,0.112889,0.0574715,0.00954599,0.00893333,0,0.00297731,0.0282044
#[v_choice,27]
%0.0116582,2.14308e-41,0.000383049,0.0386103,7.68918e-11,0.0281394,0.0874306,0.0716319,0.122926,0.108717,0.196145,0.144366,0.0913986,0.0290116,0.0440901,0.0254878,4.20442e-06,1.46162e-18,1.44944e-28,2.29202e-37,2.39878e-46
#[v_choice,28]
%0,0,0,0,0,0,0,0,0,0,0,0,0,0,0,0,0,0,0,0,0
#[v_choice,29]
%2.53587e-08,0.00092199,0.00230746,0.0696413,0.0192804,0.112778,0.0591046,0.194628,0.0549142,0.139311,0.200835,0.0443842,0.0313626,0.0395077,0.00917267,0.00751106,0.00727982,0.00206108,0.0024593,0.00254005,1.1998e-10
#[v_choice,30]
%1.6453e-07,0.000635141,0.000458846,0.0643154,0.0705589,0.0878718,0.109515,0.133215,0.169329,0.0394481,0.0847727,0.0759395,0.0688515,0.02429,0.038245,0.0209249,0.00656557,0.000921004,0.00162252,4.34277e-05,0.00247701
#[v_choice,31]
%0,0.00266882,0.00134671,0.032276,0.0613061,0.0675107,0.039884,0.128897,0.107144,0.143719,0.0653371,0.0402396,0.064467,0.08931,0.0804275,0.0307091,0.0361921,1.51171e-06,0,0,0.00856387
#[v_choice,32]
%0,0,0.0160442,2.18071e-05,0.056308,0.0945353,0.0740281,0.154783,0.114799,0.0325759,0.141396,0.0856222,0.115321,0.0332927,0.0482572,0.00694015,2.5307e-05,0.0132532,0,0.00499909,0.00779819
#[v_choice,33]
%0,0,0,0,0,0,0,0,0,0,0,0,0,0,0,0,0,0,0,0,0
#[v_choice,34]
%0.00109949,0.000359176,0.0017222,0.0167454,0.00985704,0.0228635,0.0949516,0.0995868,0.0948426,0.229693,0.112125,0.118953,0.069712,0.0332468,0.0409676,0.0304546,0.00638111,0.00144404,0.00262029,0.00223996,0.0101349
#[v_choice,35]
%0,0,0.00206903,0.00724801,0.0148247,0.0189492,0.0604857,0.167995,0.0826851,0.130913,0.176227,0.115042,0.0808,0.0289624,0.0516501,0.0261988,0.00678354,0.00860694,1.45193e-05,0.00625593,0.0142899
#[v_choice,36]
%0,0,0.000920879,0.0304371,0.0184019,0.0266881,0.0574777,0.122095,0.163197,0.121481,0.151391,0.19384,0.0556284,0.0238634,0.0217217,0.00676398,2.4374e-10,0,0.00609334,1.2557e-10,6.13246e-22
#[v_choice,37]
%0,0,0,0,0,0,0,0,0,0,0,0,0,0,0,0,0,0,0,0,0
#[v_choice,38]
%0,0.00233092,0.00405695,0.0874144,0.118537,0.104171,0.0671111,0.130565,0.257875,0.0465692,0.0566476,0.0601194,0.0427117,0.0152787,0,0.00661074,6.26239e-07,4.0991e-16,8.66086e-25,1.16204e-32,6.56066e-41
#[v_choice,39]
%0,0,0,0,0,0,0,0,0,0,0,0,0,0,0,0,0,0,0,0,0
#[v_choice,40]
%0,0,0,0,0,0,0,0,0,0,0,0,0,0,0,0,0,0,0,0,0
#[v_choice,41]
%0,0,0.00272815,0.125579,0.136469,0.0627473,0.125489,0.0716622,0.121973,0.168159,0.0518196,0.0273963,0.0233249,7.06395e-30,0.0263117,0.0484552,8.64692e-06,0,0,0,0.00787711
#[v_choice,42]
%0,0,0.0267418,0.0223106,0.150037,0.0744593,0.151059,0.0699163,0.195237,0.132403,0.0634135,0.033785,0.0624197,2.97841e-06,0,0,0.0182154,6.16151e-11,2.86594e-19,1.52114e-25,6.178e-34
#[v_choice,43]
%0,0,0,0,0,0,0,0,0,0,0,0,0,0,0,0,0,0,0,0,0
#[v_choice,44]
%0,0,0,0,0,0,0,0,0,0,0,0,0,0,0,0,0,0,0,0,0
#[v_choice,45]
%0.000461362,0.000118151,0.00896717,0.12675,0.111932,0.20767,0.0665645,0.130503,0.136541,0.0832983,0.0459201,0.014523,0.0363067,0.00583163,0.0103133,0.00730155,0.00699846,1.2973e-11,4.16447e-19,2.83852e-26,6.64965e-34
#[v_choice,46]
%0,0.00125264,0.000769076,0.117995,0.0906724,0.231577,0.0459638,0.170509,0.145172,0.0991694,0.0352699,0.0321095,0.0141915,0.00684744,8.91982e-10,0,0.00383345,2.60531e-19,3.54511e-18,0.00466727,1.27468e-15
#[v_choice,47]
%0,0.000153823,0.0221807,0.136595,0.144197,0.178663,0.0621689,0.205026,0.0695533,0.0724027,0.0179441,0.0258851,0.0210718,0.0154957,0.00813957,0.015808,1.1388e-06,0.00244121,9.33417e-11,0,0.00227275
#[v_choice,48]
%0,0,0,0,0,0,0,0,0,0,0,0,0,0,0,0,0,0,0,0,0
#[v_choice,49]
%0.000357846,5.56994e-09,0.0167477,0.00116466,0.0891836,0.133425,0.109416,0.160596,0.257764,0.0521389,0.0488692,0.0709313,0.0125729,0.0305469,0.00839186,0.00389784,0.00130103,0.00123054,0.00146538,1.19231e-12,1.04295e-20
#[v_choice,50]
%0,0,0,0.0574632,0,0.000892101,0.0495136,0.370487,0.246857,0.215951,1.81341e-09,0,0,0,0.0588347,1.4168e-06,2.05703e-14,4.82822e-22,3.84658e-30,6.03431e-38,8.29758e-47
#[v_choice,51]
%0,0,0,0,0,0,0,0,0,0,0,0,0,0,0,0,0,0,0,0,0
#[v_choice,52]
%0.0115107,0,0,0.0401502,0.0328164,0.175883,0.0489161,0.199743,0.327918,0.0460521,0.053255,0.0268283,0,0.0227957,0.0141312,4.69437e-08,3.87746e-18,8.50227e-27,2.50591e-36,1.10254e-45,0
#[v_choice,53]
%0,0,0,0,0,0,0,0,0,0,0,0,0,0,0,0,0,0,0,0,0
#[v_choice,54]
%0,0.000383756,7.79386e-05,5.36279e-06,0.162722,0.151354,0.0876185,0.212093,0.231686,0.0434371,0.0465294,0.0296727,0.00256257,0.0166366,0.00271186,0.00584026,1.97386e-13,0,0,0,0.00666912
#[v_choice,55]
%0,0,0.000436153,0.00257474,0.0885234,0.132992,0.118471,0.121488,0.269123,0.103938,0.0613099,0.0740423,0,0.012815,0,0.0142859,1.76162e-08,2.46863e-16,8.05945e-31,9.30072e-46,0
#[v_choice,56]
%0,0,0,0.0346846,0.0439506,0.192877,0.0122074,0.290871,0.425409,2.6173e-08,8.24613e-15,2.5265e-23,1.09324e-31,7.48373e-39,1.67807e-47,0,0,0,0,0,0
#[v_choice,57]
%0,0,0,0.00662868,0.163564,0.0879216,0.109739,0.207168,0.239758,0.114195,0.0303077,0.0407169,3.59716e-13,1.5445e-22,5.33057e-31,2.7516e-36,5.80695e-46,0,0,0,0
#[v_choice,58]
%0,0,0.00549597,0.001394,0.000117131,0.0575511,0.153336,0.061546,0.0924896,0.0864895,0.121903,0.137358,0.0608276,0.0893127,0.0560554,0.0520217,0.0108883,0.00629415,0,0,0.00692045
#[v_choice,59]
%0,0,0.00840933,0.0223041,0.0239632,0.0476384,0.111796,0.0921707,0.111967,0.135127,0.2077,0.117103,0.059716,0.0305384,0.0161057,0.0107675,4.2806e-07,0,0,0,0.00469393
#[v_choice,60]
%0,0,0.00847729,0.0224965,0.0240648,0.0478243,0.112541,0.092226,0.11219,0.135348,0.208102,0.116608,0.0590694,0.0300036,0.0157472,0.0105585,0,0,0,0,0.00474294
#[v_choice,61]
%0,0.00504535,0.0484059,0.0407914,0.0254118,0.0638699,0.0888635,0.106688,0.102653,0.0434421,0.10009,0.13907,0.0873363,0.0615896,0.0515278,0.0302621,4.27332e-05,0.000292474,0.00461673,2.46302e-13,5.01068e-24
#[v_choice,62]
%0.0013804,0.000242035,0.0243727,0.0323068,0.0330062,0.0103404,0.161123,0.0981832,0.0786101,0.118872,0.185247,0.0878641,0.0730104,0.0293343,0.0333483,0.0239368,0.003635,0,0.000701885,0.00404645,0.000439447
#[v_choice,63]
%0,0,0.0358879,0.041971,0.00649479,0.0262846,0.137607,0.126466,0.0884642,0.0957647,0.171051,0.108992,0.0683821,0.00448849,0.0382224,0.0138922,0.00940621,1.52342e-36,0,0.00186663,0.0247579
#[v_choice,64]
%0,0,0,0,0,0,0,0,0,0,0,0,0,0,0,0,0,0,0,0,0
#[v_choice,65]
%0,1.05284e-05,0.0580356,0.0825826,0.0708836,0.0190111,0.105678,0.157596,0.0479281,0.138825,0.00364763,0.167388,0.0334215,0.00207349,0,0.0870596,1.47987e-06,0,0.0258572,9.22497e-12,4.01829e-28
#[v_choice,66]
%0,0,0,0.108482,0,0.0296096,0.102733,6.27081e-07,0.151594,0.361755,0.121062,0.0663929,0,0,0.0583696,9.81798e-07,1.07227e-10,2.79418e-18,1.06642e-26,6.84488e-35,1.4374e-42
#[v_choice,67]
%0,0,0,0.0350995,0,0.00812313,0.134127,0.0955019,0.218922,0.126821,0.0673154,0.139475,0.125482,0.0491327,9.97532e-10,8.06396e-26,2.70373e-32,1.53149e-42,0,0,0
#[v_choice,68]
%0,0,0,0,0,0,0,0,0,0,0,0,0,0,0,0,0,0,0,0,0
#[v_choice,69]
%0,0.00678948,0.00816547,0.00750359,0.000979944,0.129245,0.125143,0.0640689,0.167385,0.301805,0.0446914,0.0540915,0.0183253,0.00990995,0.0284584,0.0118958,0.0111782,0.00353727,3.93788e-34,0.0016101,0.00521648
#[v_choice,70]
%0,0.00391822,0.0139167,0.00262891,0.00210808,0.150289,0.0871577,0.0666381,0.149664,0.334111,0.0328063,0.046809,0.0581564,0.00588215,0.0149361,0.00981303,0.00994055,0.00765098,0,0.00357402,2.60201e-11
#[v_choice,71]
%0,0,0,0,0,0,0,0,0,0,0,0,0,0,0,0,0,0,0,1,0
#[v_choice,72]
%0,0,0,0,0,0,0,0,0,0,0,0,0,0,0,0,0,0,0,0,0
#[v_choice,73]
%0,0.00023655,0.00248772,0.000154996,0.00111309,0.124947,0.121473,0.0614181,0.153918,0.348941,0.0559041,0.0440137,0.0330708,0.0124457,0.0121955,0.0158391,0.00139867,0.00323998,0.001263,0.00313508,0.00280493
#[v_choice,74]
%0,0,0,0,0,0,0,0,0,0,0,0,0,0,0,0,0,0,0,0,0
#[v_choice,75]
%0,0,0,0,0,0,0,0,0,0,0,0,0,0,0,0,0,0,0,0,0
#[v_choice,76]
%0,0,0,0,0,0,0,0,0,0,0,0,0,0,0,0,0,0,0,0,0
#[v_choice,77]
%0,0,0.00267655,3.2154e-09,6.14127e-08,0.0874689,0.206683,0.0716662,0.0862494,0.378878,0.0804291,0.0399807,0.00144021,0.0253639,5.58674e-28,0.00202116,0.0106529,0,0.00649032,5.67766e-15,6.97972e-30
#[v_choice,78]
%0,0,0,0.0212309,0.032298,0.114774,0.127205,0.018702,0.222114,0.293292,0.0397239,0.0304688,0.0574811,1.53971e-34,0.0307458,0.011965,6.21142e-08,4.21876e-16,2.24293e-24,1.81666e-33,2.62689e-43
#[v_choice,79]
%0,0,0,0,0,0,0,0,0,0,0,0,0,0,0,0.395798,0.00114355,0,0,0.354059,0.249
#[v_choice,80]
%0,0,0,0.0183977,0.00214883,0.151573,0.0326407,0.194458,0.107757,0.359779,0.0416131,0.00715792,0.00875268,0.0439706,2.55516e-16,0.0129025,3.94738e-05,0,0,0.0110991,0.00771028
#[v_choice,81]
%0,0,0.00875491,0,0.00857239,0.133336,0.100595,0.0950167,0.216939,0.282275,0.0509721,0.0636117,0.00727266,7.41966e-07,0.0117333,0.0104726,3.92147e-08,0.0104482,2.91317e-12,8.92074e-26,9.38499e-35
#[v_choice,82]
%0,0,0,0,0,0,0,0,0,0,0,0,0,0,0,0,0,0,0,0,0
#[v_choice,83]
%0,0.00415336,0,0.00706434,0.000456676,0.0673024,0.108079,0.0848814,0.152363,0.370871,0.044589,0.0494795,0.039313,0.00537684,0.035445,0.0149359,0.00053679,0.0029778,0,0.00712196,0.00505292
#[v_choice,84]
%0,0,0,0,0,0,1,6.52766e-16,0,0,0,0,0,0,0,0,0,0,0,0,0
#[v_choice,85]
%0,0,0,0,0,0,0,0,0,0,0,0,0,0,0,0,0,0,0,0,0
#[v_choice,86]
%0,0,0,0,0,0,0,0,0,0,0,0,0,0,0,0,0,0,0,0,0
#[v_choice,87]
%0,0,0,0,0,0,0,0,0,0,0,0,0,0,0,0,0,0,0,0,0
#[v_choice,88]
%0.00284853,0.00120056,0.0113522,0.000232073,0.189977,0.0866021,0.0840743,0.153835,0.240215,0.0494967,0.078255,0.0323538,0.0147343,0.026375,0.0153888,0.00242486,7.04166e-07,0.00366033,0.00524494,3.30087e-05,0.001697
@d_5_del
$Dim[3,21]
#[d_gene,0]
%0.00640231,0.00390436,0.0546716,0.0285908,0.0779758,0.1571,0.152056,0.107345,0.148446,0.0924956,0.0458438,0.0390802,0.0268434,0.0428522,0.000139683,0.00325052,0.0130026,0,0,0,0
#[d_gene,1]
%0.000714377,0.00431048,0.0357605,0.0160609,0.0516631,0.0792035,0.0880285,0.0447983,0.11252,0.0968488,0.0598373,0.0568176,0.140373,0.0442111,0.0528321,0.0424418,0.0358863,0.0242156,0.00133469,0.00366765,0.00847405
#[d_gene,2]
%9.41832e-05,0.00157275,0.0469031,0.0204311,0.0659757,0.102014,0.115272,0.0561464,0.110452,0.0961086,0.0600623,0.0460857,0.0609317,0.0304513,0.0266609,0.0871368,0.0447448,0.0179667,0.00107411,0.00301171,0.00690366
@d_3_del
$Dim[3,21,21]
#[d_gene,0],[d_5_del,0]
%0,0,0,0,0.00373003,0.000160216,0.00746142,0.0277661,0.0136385,0.00378434,0.0039387,0.000343857,0.000513206,6.09521e-07,0,0,0.000197518,0.00252997,0.0521488,0.441346,0.442441
#[d_gene,0],[d_5_del,1]
%0,0,0.0270208,0.00186574,0.00967705,0.00031412,0.0290752,0.0851338,0.0154945,0.0307377,0.0347772,0.0037707,0.0215153,0,0,9.99817e-07,0.00098808,0.0579035,0.0633842,0.618341,0
#[d_gene,0],[d_5_del,2]
%0,4.04389e-06,0.0106499,7.7163e-05,0.0264443,0.000246825,0.0783722,0.262691,0.0625451,0.24554,0.112711,0.152561,0.0276099,3.26856e-08,0,6.36262e-05,0.00124083,0.00281402,0.0164291,0,0
#[d_gene,0],[d_5_del,3]
%0,0,4.05759e-07,0.00125071,0.02171,0.00422264,0.0259914,0.215538,0.0745838,0.294264,0.13564,0.185925,0.0292348,4.25878e-12,0,8.10669e-05,0.000337462,0.0112207,0,0,0
#[d_gene,0],[d_5_del,4]
%0,0,3.80947e-06,0.00462106,0.0561122,0.00480221,0.0818475,0.128085,0.0275376,0.266372,0.134333,0.183849,0.109715,5.80095e-10,0,3.7724e-05,0.00268382,0,0,0,0
#[d_gene,0],[d_5_del,5]
%0,2.05863e-07,0.00244935,0.00217709,0.0233661,0.0144084,0.0546348,0.230994,0.0799535,0.180816,0.0351679,0.12486,0.250056,1.04498e-05,5.28473e-05,0.00105332,0,0,0,0,0
#[d_gene,0],[d_5_del,6]
%2.03895e-05,3.1809e-08,0.000142591,0.00120407,0.031254,0.00983674,0.0749242,0.28269,0.0981814,0.250214,0.0572041,0.19349,0.000795565,2.63145e-06,4.04146e-05,0,0,0,0,0,0
#[d_gene,0],[d_5_del,7]
%0,0,0.0111533,0.00751119,0.0593242,0.0159964,0.119453,0.349907,0.0700212,0.0920542,0.272252,0.00231716,3.97099e-06,7.44233e-06,0,0,0,0,0,0,0
#[d_gene,0],[d_5_del,8]
%0,0.000442874,0.00325762,0.00650258,0.0545107,0.0183973,0.128526,0.316328,0.0822002,0.387194,0.00262511,1.5805e-05,3.90758e-08,0,0,0,0,0,0,0,0
#[d_gene,0],[d_5_del,9]
%0,7.64167e-05,0.000220623,0.00370574,0.0612779,0.0393877,0.174098,0.272827,0.440529,0.00786166,1.65662e-05,1.11975e-14,0,0,0,0,0,0,0,0,0
#[d_gene,0],[d_5_del,10]
%0,4.10126e-06,0.0253369,0.0493274,0.0632792,0.105447,0.297089,0.458671,0.000825696,2.03913e-05,4.79234e-24,0,0,0,0,0,0,0,0,0,0
#[d_gene,0],[d_5_del,11]
%0.00020167,0.000486793,0.00647743,0.0260145,0.0888003,0.345268,0.53259,0.000161262,1.88906e-28,1.70099e-33,0,0,0,0,0,0,0,0,0,0,0
#[d_gene,0],[d_5_del,12]
%0,0.00322558,0.000711225,0.0255159,0.196305,0.773723,0.000517166,3.9474e-10,2.23866e-06,0,0,0,0,0,0,0,0,0,0,0,0
#[d_gene,0],[d_5_del,13]
%0,7.74304e-05,0.000807448,0.0280811,0.970096,0.000512537,3.17115e-06,0.000422469,0,0,0,0,0,0,0,0,0,0,0,0,0
#[d_gene,0],[d_5_del,14]
%0,0,2.71827e-18,5.73331e-15,0.166332,0.0150279,0.81864,0,0,0,0,0,0,0,0,0,0,0,0,0,0
#[d_gene,0],[d_5_del,15]
%0,0,0,0.00418657,0.365576,0.630237,0,0,0,0,0,0,0,0,0,0,0,0,0,0,0
#[d_gene,0],[d_5_del,16]
%0,0,0,0,1,0,0,0,0,0,0,0,0,0,0,0,0,0,0,0,0
#[d_gene,0],[d_5_del,17]
%0,0,0,0,0,0,0,0,0,0,0,0,0,0,0,0,0,0,0,0,0
#[d_gene,0],[d_5_del,18]
%0,0,0,0,0,0,0,0,0,0,0,0,0,0,0,0,0,0,0,0,0
#[d_gene,0],[d_5_del,19]
%0,0,0,0,0,0,0,0,0,0,0,0,0,0,0,0,0,0,0,0,0
#[d_gene,0],[d_5_del,20]
%0,0,0,0,0,0,0,0,0,0,0,0,0,0,0,0,0,0,0,0,0
#[d_gene,1],[d_5_del,0]
%0,0,0,0.259971,0,0.000770472,0.154598,0.00669597,0,3.2915e-05,0.0070166,0.00215508,0.350728,0.0228132,0.0242075,0.0374898,0.00622607,0,0,0.125697,0.00159775
#[d_gene,1],[d_5_del,1]
%0,0.0463164,0.0354842,0.136117,2.62068e-05,0.205268,0.134626,0.0584725,0.00707237,0.0524006,0.0088323,0.00529641,0.0192295,0.000194268,0.00306535,0.0123105,0.00708484,3.63968e-08,0,3.75355e-05,0.268165
#[d_gene,1],[d_5_del,2]
%0,0,0.00994392,0.000849995,0.000420946,0.0209306,0.0344824,0.00742587,0.0104227,0.0930688,0.037311,0.0762271,0.121346,0.0601787,0.11693,0.335743,0.0369555,2.85936e-09,0,0.000186875,0.0375765
#[d_gene,1],[d_5_del,3]
%0,0,4.1295e-07,2.35479e-07,5.99406e-06,0.00380367,0.0647541,0.000948599,0.00339728,0.051538,0.0542304,0.0353143,0.0566962,0.0581318,0.188353,0.32895,0.108877,3.90369e-10,0,0.00165362,0.0433454
#[d_gene,1],[d_5_del,4]
%0,0,0,1.12944e-05,0,0.00597246,0.0812215,0.027561,0.0105778,0.129521,0.0298914,0.0495525,0.0633453,0.0328094,0.043582,0.219336,0.157376,5.19316e-10,2.73596e-07,0.000436018,0.148806
#[d_gene,1],[d_5_del,5]
%0,0.000111761,0.0086985,0.0310207,0.00765034,0.0493411,0.0951799,0.0409674,0.0402541,0.121119,0.0383291,0.0288551,0.0638034,0.0190911,0.0237823,0.20222,0.186267,8.15175e-05,0.00178699,0.0414402,0
#[d_gene,1],[d_5_del,6]
%0,0,0.0129128,0.00778993,0.000651703,0.05905,0.106354,0.100121,0.0421535,0.0662863,0.0351888,0.0838222,0.0631371,0.00668979,0.0245648,0.375582,0.0041875,0.000154289,0.011355,0,0
#[d_gene,1],[d_5_del,7]
%0,0.0156665,0.0169772,0.000420638,0.027307,0.0288002,0.0959851,0.0790267,0.0443003,0.0950238,0.059799,0.0551125,0.041347,0.0335209,0.382871,0.00884293,0.00381124,0.011188,0,0,0
#[d_gene,1],[d_5_del,8]
%0,0.000352018,0.0225108,0.0302406,0.0252338,0.0814091,0.120207,0.143764,0.0318122,0.0926386,0.0633494,0.0346187,0.026427,0.302616,0.0216607,0.00170236,0.00145808,0,0,0,0
#[d_gene,1],[d_5_del,9]
%0.00140555,1.56968e-05,0.0063152,0.0341117,0.00854715,0.0356589,0.16501,0.107114,0.0291025,0.0612523,0.0256202,0.0316314,0.473114,0.019069,0.00177716,0.000255113,0,0,0,0,0
#[d_gene,1],[d_5_del,10]
%1.6812e-06,0,0.0507642,0.0428689,0.000895236,0.116357,0.151716,0.125074,0.0583461,0.0508682,0.0187103,0.380024,0.0037874,0.000451577,0.000135236,0,0,0,0,0,0
#[d_gene,1],[d_5_del,11]
%0,1.44782e-07,0.0110181,0.039096,0.00641826,0.11813,0.25612,0.130607,0.0716717,0.0922803,0.263825,0.0105956,0.000204721,3.29419e-05,0,0,0,0,0,0,0
#[d_gene,1],[d_5_del,12]
%0.00106324,4.32832e-06,0.00816902,0.0132413,0.0049575,0.0257562,0.0624119,0.359744,0.0800775,0.439147,0.00468818,0.00073335,7.04624e-06,0,0,0,0,0,0,0,0
#[d_gene,1],[d_5_del,13]
%0.000688825,0.00048516,0.00379918,0.12356,0.0157325,0.0776718,0.132707,0.32842,0.312291,0.00442238,3.11611e-05,0.000191084,0,0,0,0,0,0,0,0,0
#[d_gene,1],[d_5_del,14]
%0.00618322,0.0488642,0.0745522,0.160268,0.0647017,0.110282,0.273393,0.26117,0.000207104,5.23984e-05,0.000326331,0,0,0,0,0,0,0,0,0,0
#[d_gene,1],[d_5_del,15]
%0.0138673,0.0310687,0.0707813,0.0839653,0.136087,0.339274,0.323894,0.000138099,7.83963e-06,0.0009163,0,0,0,0,0,0,0,0,0,0,0
#[d_gene,1],[d_5_del,16]
%0.0238135,0.0289064,0.073121,0.082537,0.398322,0.384236,0.00249168,0.00127107,0.00530123,0,0,0,0,0,0,0,0,0,0,0,0
#[d_gene,1],[d_5_del,17]
%0,0.0551419,0.18757,0.148232,0.566027,0.00326962,0.00265882,0.0371009,0,0,0,0,0,0,0,0,0,0,0,0,0
#[d_gene,1],[d_5_del,18]
%0,0,0.000764589,5.50768e-05,0.000144023,0.0639278,0.935109,0,0,0,0,0,0,0,0,0,0,0,0,0,0
#[d_gene,1],[d_5_del,19]
%0,0,0,0.00486718,0.0201803,0.974952,0,0,0,0,0,0,0,0,0,0,0,0,0,0,0
#[d_gene,1],[d_5_del,20]
%0,0,0,0,1,0,0,0,0,0,0,0,0,0,0,0,0,0,0,0,0
#[d_gene,2],[d_5_del,0]
%0,0,0,0,0,0,0.0118202,0,3.11428e-26,6.40767e-05,0.0777696,0.0467629,0.000599153,0.396969,0.173579,0.279192,0.0131832,0,0,0,6.11761e-05
#[d_gene,2],[d_5_del,1]
%0,0.130842,0,0,0.000152187,0.0179761,0.330523,0.0002706,0.0291386,0.177507,0.048,0.0149723,0.0725736,0.00110277,0.0088792,0.0431449,0.00995574,0,0,3.89353e-07,0.114962
#[d_gene,2],[d_5_del,2]
%0,0.00506329,0.00285099,9.26919e-08,0.010045,0.00076207,0.0854003,0.0686473,0.0105476,0.102087,0.0603494,0.0911634,0.0821499,0.0440193,0.107825,0.263647,0.0257059,8.63005e-11,0,9.02234e-05,0.0396472
#[d_gene,2],[d_5_del,3]
%0,0,1.34516e-07,1.23067e-05,0.00578547,0.00877412,0.128478,0.0124198,0.00505991,0.069376,0.0592749,0.0498749,0.0644088,0.0436366,0.167292,0.266478,0.0748624,1.30756e-12,0,0.000843592,0.0434234
#[d_gene,2],[d_5_del,4]
%0.00245816,0,0,5.71574e-05,0.000302661,0.0029789,0.117315,0.0603446,0.0151936,0.146235,0.0350715,0.0585933,0.0795542,0.0324083,0.0360112,0.147088,0.080847,2.83794e-11,2.85816e-08,0.000423401,0.185117
#[d_gene,2],[d_5_del,5]
%0,0.000206684,0.00798045,0.00673152,0.00810698,0.0219646,0.118745,0.163198,0.0461579,0.106098,0.0390342,0.0346826,0.0715911,0.0132447,0.0147851,0.135458,0.108616,9.84864e-05,0.00666091,0.09664,0
#[d_gene,2],[d_5_del,6]
%0,0.000255682,0.0266375,0.00727738,0.0100644,0.0320547,0.18058,0.129018,0.0289849,0.0626152,0.038287,0.0910673,0.067606,0.00640651,0.0200098,0.258912,0.00459487,0.000312163,0.0353161,0,0
#[d_gene,2],[d_5_del,7]
%4.44648e-05,1.64819e-06,0.0459687,0.00109922,0.00476093,0.0085368,0.196898,0.115957,0.0583217,0.101244,0.0675284,0.0647307,0.0503141,0.0216289,0.198277,0.00784817,0.00457613,0.0522639,0,0,0
#[d_gene,2],[d_5_del,8]
%0.00246725,0.00241471,0.0207487,0.00153811,0.000979145,0.0366239,0.227836,0.12279,0.0388223,0.119307,0.0771474,0.0419427,0.0293969,0.238309,0.0166196,0.00685813,0.0161986,0,0,0,0
#[d_gene,2],[d_5_del,9]
%6.87616e-05,1.43392e-05,0.0335584,0.00885665,0.00383376,0.0894323,0.211945,0.0695265,0.0339969,0.0754258,0.0295782,0.0334153,0.37224,0.0208304,0.0142259,0.00305161,0,0,0,0,0
#[d_gene,2],[d_5_del,10]
%0,0,0.0682477,0.0159171,0.019531,0.0360612,0.346686,0.0925295,0.058419,0.057101,0.01779,0.283286,0.00226529,0.000800937,0.00136581,0,0,0,0,0,0
#[d_gene,2],[d_5_del,11]
%0,1.16295e-05,0.118552,0.0303851,0.0273264,0.0407717,0.28457,0.0621485,0.085678,0.0972523,0.247141,0.0056182,7.81784e-05,0.000466906,0,0,0,0,0,0,0
#[d_gene,2],[d_5_del,12]
%0,3.65676e-06,0.0277244,0.00291172,0.0181939,0.00944924,0.0638292,0.0276195,0.116833,0.726999,0.00418744,0.00203088,0.000218336,0,0,0,0,0,0,0,0
#[d_gene,2],[d_5_del,13]
%0,0.00582056,0.0611848,0.00209087,0.072753,0.0434114,0.318787,0.181442,0.309506,0.0037813,4.0609e-05,0.00118213,0,0,0,0,0,0,0,0,0
#[d_gene,2],[d_5_del,14]
%0,0.0145567,0.0271146,0.0160146,0.282689,0.0320931,0.207433,0.418234,0.000464791,0.000102407,0.00129775,0,0,0,0,0,0,0,0,0,0
#[d_gene,2],[d_5_del,15]
%3.06164e-06,5.32336e-07,0.000266909,0.00342402,0.0838835,0.101074,0.79226,0.0185039,1.56545e-05,0.000568876,0,0,0,0,0,0,0,0,0,0,0
#[d_gene,2],[d_5_del,16]
%3.57318e-07,0.000275241,0.0155818,0.0592602,0.348192,0.552855,0.00871251,0.0118881,0.00323468,0,0,0,0,0,0,0,0,0,0,0,0
#[d_gene,2],[d_5_del,17]
%0,0.0624881,0.195288,0.16718,0.522194,0.00595683,0.00539705,0.0414962,0,0,0,0,0,0,0,0,0,0,0,0,0
#[d_gene,2],[d_5_del,18]
%0,0,0.000592732,7.59152e-05,0.000197368,0.0752378,0.923896,0,0,0,0,0,0,0,0,0,0,0,0,0,0
#[d_gene,2],[d_5_del,19]
%0,0,0,0.00491404,0.0179693,0.977117,0,0,0,0,0,0,0,0,0,0,0,0,0,0,0
#[d_gene,2],[d_5_del,20]
%0,0,0,0,1,0,0,0,0,0,0,0,0,0,0,0,0,0,0,0,0
@j_5_del
$Dim[15,23]
#[j_choice,0]
%0.000466117,0.00104735,0.00943215,0.0376554,0.0465262,0.170177,0.0733203,0.126204,0.123585,0.133563,0.0532756,0.0600734,0.0441968,0.019413,0.0374127,0.0401612,0.00666563,0.00423226,0.00212498,0.00126596,0.00121463,0.00305418,0.00493362
#[j_choice,1]
%0,9.78191e-05,0.0145723,0.00301718,0.0444503,0.0431897,0.0769179,0.0762692,0.230086,0.116298,0.0887632,0.0900892,0.143758,0.0130438,0.0164099,0.00460221,0.00715379,0.00487804,0.000260833,0.00287027,0.0110937,0.00514252,0.00703581
#[j_choice,2]
%0,9.10684e-05,0.0499437,0.0133761,0.321416,0.0491167,0.136318,0.087591,0.104541,0.0532221,0.0179004,0.0935507,0.0419801,0.00617263,0,0.00525062,0,0,0,0.0153317,0,0,0.00419814
#[j_choice,3]
%0,0.00623552,0.0154314,0.00542683,0.0815943,0.0199976,0.0498629,0.0568966,0.0676262,0.103381,0.0877428,0.128762,0.136929,0.0394445,0.0301489,0.0152847,0.010821,0.00376319,0.00621481,0,0,0.115593,0.0188441
#[j_choice,4]
%5.30662e-06,0.00179225,0.0504234,0.0549607,0.0527878,0.0782621,0.100628,0.103057,0.104195,0.127507,0.0980885,0.129182,0.0125301,0.0430486,0.0078522,0.0165538,0.00174579,0.00396222,0.00208117,0.00401711,0.00336966,0.00226536,0.00168392
#[j_choice,5]
%0,0.00526596,0.0640122,0.013298,0.0107933,0,0.00989628,0.0305922,0.0462618,0.030945,0.0748975,0.200587,0.143732,0.13588,0.179498,0.00768278,0.00682963,0.0045694,0.019199,4.34459e-09,0.0160601,2.85742e-14,0
#[j_choice,6]
%0.00049592,0.0185164,0.0474259,0.00437397,0.0187676,0.0363348,0.0404264,0.048863,0.0376382,0.0533023,0.0691518,0.188782,0.108039,0.103348,0.139074,0.00948633,0.0174547,0.00640584,0.0364218,6.91853e-12,0.00540499,0,0.0102863
#[j_choice,7]
%3.07409e-05,0.0108309,0.0367473,0.010658,0.0450403,0.0289801,0.0605226,0.0773278,0.131879,0.104021,0.11131,0.0826836,0.118388,0.0596143,0.04041,0.0119042,0.0137508,0.00721537,0.0113201,0.0205529,0.00522472,0.00283477,0.00875408
#[j_choice,8]
%0.000973348,0.000794656,0.00718424,0.0108842,0.0920461,0.0726568,0.0884025,0.115519,0.160059,0.117033,0.118376,0.109307,0.0158503,0.02904,0.00645993,0.00511431,0.00634802,0.00583838,2.00771e-16,0,0,0.0371573,0.000955772
#[j_choice,9]
%0.000599526,0.000679764,0.0468454,0.0200646,0.0504538,0.0862907,0.242008,0.106712,0.145893,0.0938362,0.0977343,0.0412519,0.0165749,0.0151781,0.0100639,0.002838,1.03376e-23,0.00417402,0.00100788,0.00220628,0.00218684,0.00467536,0.00872562
#[j_choice,10]
%0,0.00454178,0.0606561,0.0786748,0.04998,0.0920465,0.11083,0.0672233,0.0458719,0.0648486,0.0726475,0.0529246,0.0720476,0.0256635,0.0116227,0.00811814,0.00151674,0.00891728,0.00345984,0.0118397,0.00586814,2.72965e-05,0.150674
#[j_choice,11]
%0.000779697,6.04359e-05,0.0190833,0.0112711,0.0110518,0.0739894,0.193639,0.131674,0.126555,0.28703,0.0536167,0.0422553,0.000763124,0.00845344,0.00871157,0.00134902,0.00156659,0.00756824,0.00340152,0.00104446,0.000787388,0.00867053,0.00667871
#[j_choice,12]
%0,7.36188e-07,0.0214223,0.00352356,0.195165,0.0675181,0.119554,0.0458386,0.0569404,0.0303931,0.00156326,0.00444526,0.00562378,0.00479876,0,0.00124574,0,0,0,0,0,0,0.441968
#[j_choice,13]
%0.000420998,0.00269209,0.0282003,0.00124556,0.0671829,0.0786133,0.140349,0.253104,0.134495,0.0958147,0.0887749,0.0512776,0.0111711,0.0135285,0.00352505,0.00581246,0.00710145,0.00154333,0.00286995,0.0066571,0.00310774,0.00168712,0.000825378
#[j_choice,14]
%0,0,0,0,0.0678241,0,0,0,0,0,0,0,0,0,0,0,0,0,0,0,0.104303,0.0804998,0.747374
@vd_ins
$Dim[31]
#
%0.0569289,0.0662849,0.104008,0.140553,0.145143,0.110994,0.0786901,0.0769152,0.0557915,0.05057,0.0321552,0.0241492,0.0176838,0.0112257,0.00854108,0.00717206,0.00365743,0.00188445,0.00326909,0.00189616,0.000477807,0.000307889,0.000656367,0.000391202,0.000189738,9.17344e-06,5.09264e-06,1.29654e-05,0.000229024,3.63115e-07,0.000206369
@vd_dinucl
$Dim[16]
#
%0.288647,0.281302,0.240373,0.189679,0.157568,0.456575,0.199898,0.185959,0.256476,0.197999,0.356791,0.188734,0.216202,0.33864,0.187474,0.257684
@dj_ins
$Dim[31]
#
%0.0860912,0.0611183,0.0947208,0.125474,0.130716,0.131427,0.0904679,0.0663849,0.0542306,0.0357965,0.0291355,0.0225733,0.0163814,0.0101342,0.0107922,0.00803904,0.00674493,0.00625934,0.00346066,0.00348626,0.00221506,0.000619586,0.00103295,0.000529393,0.00101148,0.000820351,3.03645e-06,4.56796e-05,6.30059e-05,0.000130813,9.48864e-05
@dj_dinucl
$Dim[16]
#
%0.296295,0.158158,0.360973,0.184574,0.234906,0.321244,0.21477,0.22908,0.222273,0.183187,0.4257,0.16884,0.214421,0.259847,0.242939,0.282793
