@v_choice
$Dim[89]
#
%0.00304368,0.00483206,0.00475692,0.00821653,0.00532643,0.00664324,0.00674894,0.0018262,0.00912686,0,0.0108092,0.00776138,0.00304368,0.00213057,0.0189045,0.0191414,0,0.00319586,0.00228276,0.0144575,0,0.0124791,0,0.000456552,0,0.0162837,0.0120225,0.0100441,0,0.0491554,0.165272,0.0108051,0.00760919,0,0.0363719,0.0214579,0.00989195,0,0.0124791,0,0,0.0162837,0.00608735,0,0,0.00806574,0.0182621,0.0473292,0,0.0391112,0.000913103,0,0.0056308,0,0.011566,0.00502207,0.00213057,0.00121747,0.01324,0.010868,0.0107421,0.0168924,0.0569168,0.00548105,0.00486745,0.00273931,0.00106529,0.00121747,0,0.058743,0,0,0,0.0327195,0.0276975,0,0,0.0101963,0.00608735,0.00395678,0.000152184,0.00928321,0,0.028154,0,0,0,0,0.0407853
@j_choice
$Dim[15]
#
%0.0948595,0.0614259,0.018898,0.0476174,0.0905494,0.000152191,0.0409374,0.116257,0.0713161,0.0958895,0.0456458,0.0905527,0.0788433,0.146617,0.000438868
@d_gene
$Dim[15,3]
#[j_choice,0]
%0.68803,0.0290975,0.282873
#[j_choice,1]
%0.745388,0.00678097,0.247831
#[j_choice,2]
%0.661736,0.0177163,0.320548
#[j_choice,3]
%0.63619,0.00519475,0.358615
#[j_choice,4]
%0.758962,0.0183928,0.222645
#[j_choice,5]
%0.180079,0,0.819921
#[j_choice,6]
%0.659584,0.0279176,0.312498
#[j_choice,7]
%0.324492,0.603441,0.0720676
#[j_choice,8]
%0.440211,0.388065,0.171723
#[j_choice,9]
%0.315908,0.562719,0.121373
#[j_choice,10]
%0.558619,0.127992,0.313389
#[j_choice,11]
%0.418753,0.38555,0.195697
#[j_choice,12]
%0.514907,0.38153,0.103563
#[j_choice,13]
%0.561153,0.259987,0.17886
#[j_choice,14]
%0.669592,0.301469,0.0289384
@v_3_del
$Dim[89,21]
#[v_choice,0]
%0,0,0,0.113347,0.19708,0.0461144,0.0191945,0.100106,0.0751264,0.0757912,0.0197102,0.234399,0.0602135,0.0589181,3.21671e-11,1.82353e-25,1.43263e-31,1.4465e-38,0,0,0
#[v_choice,1]
%0,0,0,0.0132893,0.0139138,6.08529e-05,0.0704324,0.264444,0.0713483,0.0414685,0.194147,0.0553276,0.117742,0.0742467,0.0835794,3.46251e-11,7.94715e-16,4.04856e-24,4.63698e-32,7.95487e-40,1.26373e-48
#[v_choice,2]
%0,0,0,0.0132363,0.0138896,5.66254e-05,0.0710194,0.26614,0.0709713,0.0410262,0.194473,0.0548494,0.117694,0.0738256,0.0828187,0,0,0,0,0,0
#[v_choice,3]
%0,0,0.00476659,0.0677638,0.0708544,0.0656059,0.0514324,0.150809,0.102387,0.00114046,0.127221,0.104257,0.215812,0.0226187,0.000220313,0.0151101,7.42108e-08,1.52844e-20,5.95162e-30,1.78915e-38,1.00239e-49
#[v_choice,4]
%0,0.0162506,0.0324138,0.0264794,0.0307001,0.0803734,0.0585518,0.0724538,0.184541,0.00347364,0.0365572,0.154746,0.156174,0.0599096,0,0.0418073,0.0455686,5.54237e-11,8.23789e-20,5.78311e-26,1.11123e-35
#[v_choice,5]
%0,0,0.00865171,0.00711451,0.0187345,0.0180394,0.0771757,0.0803106,0.102556,0.0499551,0.157088,0.196533,0.0825716,0.0758696,0.0612277,0.0641725,1.28855e-07,0,0,0,0
#[v_choice,6]
%0,0,0.00852074,0.00701485,0.0185371,0.0179227,0.0766901,0.0799352,0.102502,0.0501268,0.156323,0.195959,0.0831304,0.076827,0.0620308,0.064477,2.30475e-06,6.8976e-15,2.42517e-23,1.10868e-31,2.30583e-40
#[v_choice,7]
%0,0,0,0,0,0.0798164,0.236349,0,0.335785,0.196348,0.151701,1.08336e-10,4.67846e-21,6.09459e-29,6.11816e-36,7.93349e-45,8.05356e-50,0,0,0,0
#[v_choice,8]
%0.0128914,0.01311,0.050084,0.0184604,0.016861,0.0981686,0.00386027,0.056565,0.201505,0.223448,0.130851,0.0141082,0.0737512,0.00398472,0.0631229,0.019227,2.71279e-07,5.03048e-18,4.30344e-27,7.47546e-36,1.71808e-45
#[v_choice,9]
%0,0,0,0,0,0,0,0,0,0,0,0,0,0,0,0,0,0,0,0,0
#[v_choice,10]
%0,0.00465815,0.00187615,0.0556379,0.00900772,0.112178,0.123499,0.116785,0.13971,0.31712,0.0621889,7.48891e-09,0.0108186,0.0150761,0.0165204,0.0149153,9.5867e-06,7.38835e-22,2.85737e-33,1.32828e-42,0
#[v_choice,11]
%0,0,0.0159806,0.0573348,0.00321011,0.114232,0.173684,0.0127873,0.136214,0.236774,0.0939185,0.0746075,0.0193609,0.01813,0.0241421,0,0,0,0.0196239,9.36741e-12,2.85692e-20
#[v_choice,12]
%0,0,0.0489531,8.94473e-09,0,0.145947,0.00292302,0,0.534633,0.171458,0.0438121,2.87309e-08,0.0522737,1.03404e-09,1.68459e-16,5.12784e-25,2.05261e-29,6.76962e-37,1.98119e-49,0,0
#[v_choice,13]
%0,0,5.83028e-06,0.189486,0.0825049,0.0395085,0.138361,0.257268,0,0.137212,0.072205,0.0834488,6.39845e-08,6.99018e-17,7.18118e-24,2.19084e-30,3.00959e-39,0,0,0,0
#[v_choice,14]
%0,0,0,0.00788788,0.00979347,0.00295908,0.0755116,0.183366,0.106246,0.190708,0.177831,0.152902,0.0362891,0.00784821,0.0357573,0.00885406,2.51336e-07,0,0.004045,0,0
#[v_choice,15]
%0,0,0,0.00781893,0.00976738,0.00294565,0.0749721,0.18223,0.106105,0.19036,0.177684,0.153191,0.037556,0.00817204,0.0361036,0.00901521,7.25877e-07,0,0.00407838,3.78621e-11,9.84884e-20
#[v_choice,16]
%0,0,0,0,0,0,0,0,0,0,0,0,0,0,0,0,0,0,0,0,0
#[v_choice,17]
%0,0,0.033829,0.0482223,0.0531964,0.034428,0.0676267,0,0.0124004,0.346118,0.102585,0.192425,0.109009,1.83834e-09,0.000160628,1.09045e-17,1.69893e-28,2.87345e-37,0,0,0
#[v_choice,18]
%0,0,0,0.0528631,0,0.148385,0.15501,0.223101,0.0656798,0.215114,0.0728062,1.94961e-07,0,0.0670416,3.77318e-09,4.87674e-16,2.90346e-22,3.39336e-31,1.97474e-45,0,0
#[v_choice,19]
%0.00242916,0.0227659,0.000970001,0.122091,0.0350381,0.167713,0.0926826,0.129986,0.209629,0.0845766,0.0456391,0.0337183,0.0202541,0,0.0325067,7.55702e-11,1.60166e-16,2.7967e-25,4.75798e-34,2.15163e-42,0
#[v_choice,20]
%0,0,0,0,0,0,0,0,0,0,0,0,0,0,0,0,0,0,0,0,0
#[v_choice,21]
%0.00481771,0.0150093,0.0282451,0.173394,0.0201295,0.206009,0.0258116,0.188848,0.0281134,0.162399,0.0728533,3.47026e-09,0.015648,0.0456321,2.33587e-06,0.0130756,1.1488e-05,1.06802e-12,5.6048e-21,6.27612e-29,4.85835e-37
#[v_choice,22]
%0,0,0,0,0,0,0,0,0,0,0,0,0,0,0,0,0,0,0,0,0
#[v_choice,23]
%0,0,0,0,0,0,0.999558,0.000442195,3.62378e-12,3.43218e-15,1.19586e-21,5.98866e-28,9.60819e-37,3.17072e-44,0,0,0,0,0,0,0
#[v_choice,24]
%0,0,0,0,0,0,0,0,0,0,0,0,0,0,0,0,0,0,0,0,0
#[v_choice,25]
%0,0.00628011,0.00062054,0.0207775,0.0521989,0.133785,0.228821,0.126922,0.150921,0.0905502,0.141518,7.01548e-05,0.0299626,0,0.0082276,3.02752e-50,0,0,0,0,0.0093459
#[v_choice,26]
%0,0,0,0.00801904,0.0176175,0.0332064,0.0274643,0.103636,0.133217,0.0931345,0.0612942,0.274813,0.0395847,0.0318798,0.0510459,0.0897082,0.017488,0.0114428,0.00644966,4.03133e-15,4.04597e-25
#[v_choice,27]
%0,0,0.0421127,0,0.0415219,0.0273161,0.0409904,0.0453893,0.0878953,0.161004,0.0570369,0.259033,0.113374,0.00429377,0.070642,0.0342128,1.32113e-06,0,0,0.0151755,3.71357e-21
#[v_choice,28]
%0,0,0,0,0,0,0,0,0,0,0,0,0,0,0,0,0,0,0,0,0
#[v_choice,29]
%0.000451153,0.0163239,0.0058269,0.0814546,0.0421222,0.0890798,0.0994447,0.162906,0.0387716,0.155871,0.186608,0.0506118,0.0276194,0.0280965,0.00468792,0.00656197,0.0035629,6.86005e-13,4.30374e-21,2.25654e-26,9.2806e-35
#[v_choice,30]
%0.000238061,0.000120019,0.017428,0.054589,0.0712038,0.102455,0.112755,0.155144,0.160135,0.0383954,0.0774442,0.0712395,0.0743321,0.019203,0.0111007,0.0229139,0.00758514,4.13189e-19,0.000830401,0.000763981,0.0021244
#[v_choice,31]
%0,0,0,9.37858e-05,0.104714,0.0397817,0.0821965,0.0941109,0.158852,0.152333,0.0880353,0.0143122,0.111464,0.0968929,0.0433858,0.0138281,1.21835e-09,9.99609e-18,1.95059e-28,3.78351e-38,1.89107e-47
#[v_choice,32]
%0,0,0,0.00396315,0.0466897,0.103248,0.00459306,0.155729,0.212923,0.0434265,0.186259,0.0774722,0.0374507,0.0426599,0.0200574,0.0455245,1.11755e-06,0,0,0,0.0200029
#[v_choice,33]
%0,0,0,0,0,0,0,0,0,0,0,0,0,0,0,0,0,0,0,0,0
#[v_choice,34]
%0,0,0.00115047,0.0153355,0.00784585,0.0962092,0.0617941,0.139418,0.0704666,0.29162,0.101466,0.109135,0.0549725,0.00976906,0.026752,0.00987488,1.78613e-07,0,0,0.00419048,2.94188e-20
#[v_choice,35]
%5.0458e-06,0,0,0.00766875,0.0012155,0.0676231,0.0871671,0.160555,0.158499,0.133873,0.260113,0.0396897,0.0446616,0.00544586,0.0262606,2.37678e-32,6.75773e-44,0,0.00722238,2.43276e-14,8.58448e-24
#[v_choice,36]
%0,0,0.0199651,0.0235818,0.0115404,0.0169325,0.0929382,0.0639041,0.210243,0.0591849,0.226457,0.209239,0.0660133,7.10503e-11,4.68578e-18,6.87955e-25,9.99075e-32,1.31795e-38,3.90398e-46,3.19739e-51,0
#[v_choice,37]
%0,0,0,0,0,0,0,0,0,0,0,0,0,0,0,0,0,0,0,0,0
#[v_choice,38]
%0,0,3.0748e-05,0.0264487,0.117027,0.105649,0.120151,0.118821,0.223134,0.128311,0.0726002,0.0190555,0.0687719,3.31639e-10,4.54559e-18,2.45886e-27,4.08177e-32,2.44132e-40,0,0,0
#[v_choice,39]
%0,0,0,0,0,0,0,0,0,0,0,0,0,0,0,0,0,0,0,0,0
#[v_choice,40]
%0,0,0,0,0,0,0,0,0,0,0,0,0,0,0,0,0,0,0,0,0
#[v_choice,41]
%0,0.00336825,1.23611e-05,0.114112,0.0947141,0.126743,0.126946,0.0224117,0.257144,0.120307,0.0450463,0.0208532,0.01672,0.0229259,0,0.0286954,5.03777e-07,2.43461e-15,1.16155e-23,4.80572e-32,1.47017e-40
#[v_choice,42]
%0,0,0.0880751,0.0745664,0.0312222,0.101968,0.228941,0.106791,0.179825,0.0530606,0.0220082,0.0551449,0.0583595,3.81361e-05,1.06377e-13,2.38186e-21,1.32548e-28,2.49776e-36,7.08701e-45,1.46864e-50,0
#[v_choice,43]
%0,0,0,0,0,0,0,0,0,0,0,0,0,0,0,0,0,0,0,0,0
#[v_choice,44]
%0,0,0,0,0,0,0,0,0,0,0,0,0,0,0,0,0,0,0,0,0
#[v_choice,45]
%0,0.0381109,0,0.00134008,0.0152028,0.383714,0.00429314,0.0684107,0.245256,0.149106,0.00387743,0.0215543,0,0.044157,0.0249778,1.0084e-12,5.24364e-18,1.09236e-25,3.43473e-34,1.15987e-42,0
#[v_choice,46]
%0.0103035,0.0060723,0.0115149,0.0941539,0.109303,0.198117,0.069685,0.190755,0.143905,0.0980093,0.0285616,3.66594e-33,0.0312452,4.70552e-19,0,0.00837438,2.12898e-07,9.92781e-21,1.05318e-29,2.29932e-38,4.67266e-49
#[v_choice,47]
%0.000273417,0.0119484,0.00514835,0.144517,0.0882383,0.245014,0.0445729,0.133697,0.150404,0.0751891,0.0403609,5.71934e-05,0.0303422,0.00885202,0.00635289,0.00610162,0.00105728,0.00543372,0.00243862,1.87135e-12,1.15924e-20
#[v_choice,48]
%0,0,0,0,0,0,0,0,0,0,0,0,0,0,0,0,0,0,0,0,0
#[v_choice,49]
%0,3.48999e-41,0.012541,0.00527853,0.137405,0.185011,0.105567,0.0936544,0.291879,0.027446,0.0346228,0.0625497,0.00717831,0.0154277,0.0136225,2.55333e-07,0,0.00319895,0.00461735,1.74317e-12,1.56365e-19
#[v_choice,50]
%0,0,0,0,0,0,0,0.0836096,0.570058,0.150205,0.196126,2.16551e-07,8.06892e-16,8.91497e-24,4.33055e-33,8.37862e-38,0,0,0,0,0
#[v_choice,51]
%0,0,0,0,0,0,0,0,0,0,0,0,0,0,0,0,0,0,0,0,0
#[v_choice,52]
%0,0,0,0,0.056513,0.189183,0.0427618,0.0360947,0.458739,0.160893,0,0.0558129,2.96018e-06,9.78227e-12,5.5685e-16,7.73192e-19,1.14009e-33,5.38053e-50,0,0,0
#[v_choice,53]
%0,0,0,0,0,0,0,0,0,0,0,0,0,0,0,0,0,0,0,0,0
#[v_choice,54]
%0,0,0.0425013,0.00023234,0.12415,0.177907,0.125093,0.0374306,0.269813,0.0352381,0.106676,0.0264733,0.0121894,0.0141544,0.0146691,4.28036e-06,0.0134689,1.10795e-11,6.55306e-21,1.47405e-30,8.3496e-41
#[v_choice,55]
%0,0.0277114,0,0,0.0731624,0.0777879,0.115826,0.0132731,0.534541,0.106949,0.0159038,0.0348452,1.66483e-10,4.28281e-18,2.49798e-27,2.59029e-32,1.76187e-40,0,0,0,0
#[v_choice,56]
%0,0,0,0.00717994,0.103684,0.251515,0.169839,0.0553103,0.32654,0.0859319,2.92538e-09,1.55611e-18,3.10288e-26,2.47941e-33,2.94661e-43,3.91656e-50,0,0,0,0,0
#[v_choice,57]
%0,0,0,0,0,0.334255,0.266497,3.68209e-08,0.399248,3.75941e-10,4.58226e-17,3.59537e-25,2.5049e-33,1.0673e-40,0,0,0,0,0,0,0
#[v_choice,58]
%0,0,0,0,0.047486,0.0125097,0.113509,0.0661667,0.282096,0.102235,0.0645854,0.143079,0.0706242,0.00148113,0.0708783,0.0253491,3.46287e-07,2.60442e-16,2.70243e-25,3.4054e-34,6.22061e-44
#[v_choice,59]
%0,0,0.00106045,0.0742654,0.0462823,5.55504e-07,0.120613,0.107362,0.0289565,0.130032,0.223599,0.13367,0.0583897,0.00465969,0.0218243,0.0421085,2.31807e-05,0,0.00715439,4.34497e-17,3.50069e-29
#[v_choice,60]
%0,0,0.0010576,0.0748347,0.0463889,1.00674e-08,0.121184,0.107426,0.028797,0.130392,0.224178,0.133083,0.0576344,0.00440732,0.0214389,0.0420264,1.9131e-05,0,0.00713383,0,0
#[v_choice,61]
%0,0,0.00264559,0.0528027,0.0245972,0.0263225,0.122412,0.0981282,0.166687,0.0558932,0.130614,0.128094,0.0798956,0.0748677,0.0222345,0.00295053,0.0118548,5.93842e-13,9.92133e-23,1.09404e-31,1.48585e-40
#[v_choice,62]
%0.000600416,9.55109e-05,0.022942,0.0210506,0.0514722,0.0384747,0.184854,0.0597621,0.081293,0.107636,0.186538,0.133116,0.0318032,0.0205871,0.035862,0.0149034,0.00400569,5.99473e-26,0,0.0028103,0.00219443
#[v_choice,63]
%0,0,0.0332682,0.0172437,0.0802477,5.28657e-06,0.0501176,0.151393,0.00264664,0.132026,0.321006,0.18428,1.00601e-10,5.54181e-10,0,0,0,0,0,0,0.0277655
#[v_choice,64]
%0,0,0.0243535,0.03973,0,0,0.0852083,0.141176,0.0453015,0.117329,0.249534,0.127998,0.106364,7.72329e-10,0,0.0630008,3.83874e-06,4.10482e-17,2.55882e-26,1.2503e-34,4.82111e-43
#[v_choice,65]
%0,0,0,0.0280897,0.167138,0.0778019,0,0.0926468,0.0416007,0.104799,0.319356,2.14138e-08,0.0344526,0.134116,4.82347e-09,4.0111e-18,7.30443e-23,1.06504e-30,2.88501e-39,0,0
#[v_choice,66]
%0,0,0,0,0,0,0,0,0.0820166,0.287855,0.300714,0.186552,9.0472e-10,0,0,0,0,0.142862,2.25043e-11,2.35205e-26,5.65827e-38
#[v_choice,67]
%0,0,0.124702,5.63458e-09,0,0,0.1053,0.144324,0,0,0.0596427,0.301917,0.114424,0.149692,2.00702e-08,7.78627e-17,5.17781e-21,6.30924e-29,3.00794e-37,5.79673e-47,0
#[v_choice,68]
%0,0,0,0,0,0,0,0,0,0,0,0,0,0,0,0,0,0,0,0,0
#[v_choice,69]
%0.00236592,0.00294715,0.00116479,0.0130446,0.00501641,0.1921,0.161684,0.0722482,0.163974,0.247638,0.0436902,0.026591,0.0313563,0.00197134,0.0152733,0.00668969,0.00376935,0.00334207,0,0.00200054,0.00313294
#[v_choice,70]
%0,0,0,0,0,0,0,0,0,0,0,0,0,0,0,0,0,0,0,0,0
#[v_choice,71]
%0,0,0,0,0,0,0,0,0,0,0,0,0,0,0,0,0,0,0,0,0
#[v_choice,72]
%0,0,0,0,0,0,0,0,0,0,0,0,0,0,0,0,0,0,0,0,0
#[v_choice,73]
%0,0,0.00234846,0.00862704,0.000982117,0.117574,0.105527,0.0504952,0.196219,0.357603,0.0680408,0.0400437,0.00874269,0.00627784,0.0233262,0,0.00359194,0.00593176,3.60208e-27,0,0.0046685
#[v_choice,74]
%0.00454906,6.00722e-08,0.00167529,0.0235383,0.0200921,0.0942653,0.199089,0.0620972,0.165412,0.310409,0.0639397,1.26941e-12,0.0159039,0.0131085,0.00519806,0.00638308,0.00882672,2.35416e-21,0,0.00551292,5.59897e-10
#[v_choice,75]
%0,0,0,0,0,0,0,0,0,0,0,0,0,0,0,0,0,0,0,0,0
#[v_choice,76]
%0,0,0,0,0,0,0,0,0,0,0,0,0,0,0,0,0,0,0,0,0
#[v_choice,77]
%0,0,0,0,5.06275e-05,0.0692521,0.0426317,0.151663,0.182376,0.268501,0.109792,0.131402,0.00158836,0,0.0133823,0.0144221,2.53357e-07,0,0,0.0149389,2.8518e-19
#[v_choice,78]
%0.00368378,0,0,0.00930165,0.0202955,0.166879,0.13173,0.116758,0.115517,0.385669,8.69348e-08,0,0.0501655,3.08675e-10,1.02579e-17,3.63125e-26,2.22749e-30,7.36862e-38,4.88864e-46,0,0
#[v_choice,79]
%0,0,0,0,0.0877452,0.118015,0.0940798,0.266102,0.138103,0.205821,0.0901327,7.56962e-08,9.60308e-16,5.28626e-23,4.77648e-30,1.01731e-38,1.10486e-44,0,0,0,0
#[v_choice,80]
%0,0,0,0,0,0,0,0,0,0,0,0,0,0,0,0,0,0,1,0,0
#[v_choice,81]
%0.0162263,0,0,0.00659725,0.0183023,0.0927368,0.15725,0.0648617,0.197161,0.285432,0.063976,0.0178456,2.71992e-37,0,0.0335208,0.0460893,1.00063e-06,7.26384e-16,1.93625e-24,1.0199e-32,3.54428e-41
#[v_choice,82]
%0,0,0,0,0,0,0,0,0,0,0,0,0,0,0,0,0,0,0,0,0
#[v_choice,83]
%0,0.00463478,0.0037048,0.00153231,0.0018703,0.120417,0.118467,0.127916,0.111888,0.328114,0.0632512,0.0499419,0.0324075,0.00790304,0.0129242,0.00538988,0.0096372,2.48143e-13,6.43252e-23,3.72398e-31,1.08014e-39
#[v_choice,84]
%0,0,0,0,0,0,0,0,0,0,0,0,0,0,0,0,0,0,0,0,0
#[v_choice,85]
%0,0,0,0,0,0,0,0,0,0,0,0,0,0,0,0,0,0,0,0,0
#[v_choice,86]
%0,0,0,0,0,0,0,0,0,0,0,0,0,0,0,0,0,0,0,0,0
#[v_choice,87]
%0,0,0,0,0,0,0,0,0,0,0,0,0,0,0,0,0,0,0,0,0
#[v_choice,88]
%0.00231214,4.43554e-06,0.0165857,0.00302157,0.182966,0.0819432,0.0948696,0.19703,0.29123,0.0229176,0.0271165,0.0115784,0.0256463,0.0226079,0.00780473,0.000625072,0.00408544,0,0.00765532,2.19011e-14,2.22806e-29
@d_5_del
$Dim[3,21]
#[d_gene,0]
%0.00500688,0.00204482,0.0594179,0.0184843,0.088268,0.139236,0.147118,0.121585,0.171264,0.0775213,0.063182,0.0465974,0.0201059,0.0293441,6.10533e-05,0.00311585,0.0076482,0,0,0,0
#[d_gene,1]
%0.00156512,0.00208192,0.038904,0.0107643,0.0545573,0.0716507,0.0896008,0.0435257,0.107626,0.110538,0.0735447,0.0598727,0.144252,0.0651343,0.0617143,0.0277662,0.0216503,0.0125401,0.000465708,0.000959345,0.00128604
#[d_gene,2]
%0.000890062,0.00288458,0.0203302,0.00950852,0.0446575,0.058423,0.0559867,0.0518688,0.0549504,0.0614878,0.0168696,0.0132696,0.150706,0.0999591,0.0592785,0.100081,0.112344,0.0624804,0.00260089,0.012306,0.00911759
@d_3_del
$Dim[3,21,21]
#[d_gene,0],[d_5_del,0]
%0,0,0,0,6.26316e-05,5.00627e-07,0.000381146,0.00544515,1.16256e-25,0.0166003,3.423e-05,0.00209287,0.0412637,0,0,0,0.00288284,0.0100569,0.00198634,0.287394,0.631799
#[d_gene,0],[d_5_del,1]
%0,0,0,1.49636e-06,0.00703159,0.104463,0.0486987,0.0171783,0.0135851,0.0448619,0.00330552,0.083436,0.0706435,0,0,0,0.0164539,0.0239513,0.224258,0.342131,0
#[d_gene,0],[d_5_del,2]
%0.000243242,0.0113749,0.00995799,0.0002953,0.0789257,0.0083559,0.090335,0.274404,0.0797516,0.244512,0.113233,0.0805106,0.000793128,0,0,0,4.13641e-05,4.23321e-05,0.00722419,0,0
#[d_gene,0],[d_5_del,3]
%0,1.68728e-14,0,1.52809e-06,0.0307859,0.000843725,0.102277,0.165076,0.0601815,0.25845,0.293402,0.0791415,0.00708312,0,0,5.20826e-07,0.000480054,0.00227735,0,0,0
#[d_gene,0],[d_5_del,4]
%0,0.00115,1.42129e-12,0.00935316,0.0276811,0.0146354,0.0828033,0.231338,0.0327523,0.308305,0.144768,0.102013,0.0449765,1.13433e-27,0,4.65216e-07,0.000225006,0,0,0,0
#[d_gene,0],[d_5_del,5]
%0,0,0.00424907,0.00868939,0.0285893,0.0161017,0.0572944,0.314376,0.0965859,0.239766,0.103259,0.0615554,0.0694427,4.92752e-06,6.27846e-10,8.65933e-05,0,0,0,0,0
#[d_gene,0],[d_5_del,6]
%0,0,0.00175708,0.00270764,0.0259675,0.0198228,0.0562081,0.376575,0.0938519,0.248202,0.043469,0.131309,9.31368e-05,1.15495e-06,3.48836e-05,0,0,0,0,0,0
#[d_gene,0],[d_5_del,7]
%0.00116026,7.30422e-07,0.0167961,0.0135787,0.0683494,0.0616438,0.135367,0.366541,0.0676698,0.0732605,0.194605,0.00102722,5.29563e-08,3.56932e-08,0,0,0,0,0,0,0
#[d_gene,0],[d_5_del,8]
%0,2.36411e-06,0.00986957,0.00206835,0.0686766,0.0216075,0.146587,0.318598,0.104884,0.32708,0.000626323,4.43611e-07,1.20848e-11,0,0,0,0,0,0,0,0
#[d_gene,0],[d_5_del,9]
%0,0,0.0312261,0.0114137,0.116711,0.163355,0.162205,0.165501,0.346628,0.00295896,1.96807e-06,7.88632e-37,0,0,0,0,0,0,0,0,0
#[d_gene,0],[d_5_del,10]
%0,1.088e-06,0.0612319,0.0188822,0.042531,0.216632,0.440468,0.219986,0.000267009,9.05754e-18,0,0,0,0,0,0,0,0,0,0,0
#[d_gene,0],[d_5_del,11]
%0.00546733,0.00809434,0.0580216,0.0113909,0.030547,0.592558,0.293864,5.76483e-05,1.92331e-13,3.12083e-37,0,0,0,0,0,0,0,0,0,0,0
#[d_gene,0],[d_5_del,12]
%0.00229792,0.0134898,0.0582996,0.016898,0.226928,0.681895,0.00019169,7.13498e-28,2.36238e-18,0,0,0,0,0,0,0,0,0,0,0,0
#[d_gene,0],[d_5_del,13]
%0,8.71126e-07,0.00855529,0.0186918,0.971906,0.000783119,1.01221e-07,6.25562e-05,0,0,0,0,0,0,0,0,0,0,0,0,0
#[d_gene,0],[d_5_del,14]
%0,0,0,2.15882e-14,0.000300742,0,0.999699,0,0,0,0,0,0,0,0,0,0,0,0,0,0
#[d_gene,0],[d_5_del,15]
%0,0,0,0.128188,0.199957,0.671855,0,0,0,0,0,0,0,0,0,0,0,0,0,0,0
#[d_gene,0],[d_5_del,16]
%0,0,0,0,1,0,0,0,0,0,0,0,0,0,0,0,0,0,0,0,0
#[d_gene,0],[d_5_del,17]
%0,0,0,0,0,0,0,0,0,0,0,0,0,0,0,0,0,0,0,0,0
#[d_gene,0],[d_5_del,18]
%0,0,0,0,0,0,0,0,0,0,0,0,0,0,0,0,0,0,0,0,0
#[d_gene,0],[d_5_del,19]
%0,0,0,0,0,0,0,0,0,0,0,0,0,0,0,0,0,0,0,0,0
#[d_gene,0],[d_5_del,20]
%0,0,0,0,0,0,0,0,0,0,0,0,0,0,0,0,0,0,0,0,0
#[d_gene,1],[d_5_del,0]
%0,0,0,0,0.000573233,0,0.0540334,0.0781007,0,0,0.0894414,5.64612e-18,0.0115544,0.269972,0.0368897,0.432706,0.0267287,2.35361e-07,0,0,4.50299e-09
#[d_gene,1],[d_5_del,1]
%0,0,8.03402e-05,0.246912,0.00394306,0.00325516,0.106232,0.217941,0,0,8.47917e-05,0,6.83595e-07,5.76104e-08,0.0939418,0.0496994,0.239964,3.79916e-26,0,0.00112343,0.0368224
#[d_gene,1],[d_5_del,2]
%0,0,0,0.024031,0.0106056,0.207596,0.0365026,0.0465204,0.00814763,0.018488,0.0844545,0.0859112,0.0332556,0.0222859,0.144344,0.271661,0.00218581,2.64529e-11,3.28064e-19,0.000411231,0.00359934
#[d_gene,1],[d_5_del,3]
%0,0,0.00339887,7.61966e-05,0.0547725,0.108616,0.0103528,0.396094,0.0626296,0.0155745,0.00560029,5.51935e-05,0.00388756,0.000348025,0.0901134,0.225946,0.0152588,0,0,0.000937172,0.00633987
#[d_gene,1],[d_5_del,4]
%0,0,0.000121328,0,0.00762394,0.106885,0.137419,0.183907,0.0219341,0.0463303,0.137633,0.0368325,0.000613891,0.00559177,0.0373891,0.16205,0.0492618,0,0,0.000429083,0.0659775
#[d_gene,1],[d_5_del,5]
%0.00605311,1.53513e-08,0.00290903,0.0530805,0.0048178,0.0940295,0.216826,0.0355174,0.000668006,0.0705799,0.039998,0.0769844,0.048207,0.0559159,0.0131485,0.142741,0.124106,1.79559e-06,1.66275e-05,0.0143996,0
#[d_gene,1],[d_5_del,6]
%1.40173e-07,1.13609e-06,0.0514575,0.0134096,0.0193368,0.100036,0.191876,0.180789,0.00849949,0.120114,0.0197332,0.0641166,0.0536758,0.00356696,0.0198841,0.149063,0.00190651,6.06929e-07,0.00253254,0,0
#[d_gene,1],[d_5_del,7]
%0,0,0.0510329,0.045682,0.000862015,0.114428,0.344397,0.0875442,0.0366299,0.0567015,0.0955052,0.0249494,0.0197983,0.0458972,0.0729904,0.00275375,0.000326813,0.000500718,0,0,0
#[d_gene,1],[d_5_del,8]
%0,0.000472095,0.000993496,0.009736,0.00472964,0.222204,0.209174,0.124152,0.0937014,0.0615602,0.0639676,0.0717153,0.0306759,0.10216,0.00471301,2.43426e-05,2.09011e-05,0,0,0,0
#[d_gene,1],[d_5_del,9]
%3.94612e-08,0.00133662,0.0288698,0.0398037,0.0073048,0.191321,0.210096,0.167992,0.0876245,0.02136,0.00664771,0.0138434,0.21124,0.0122653,0.000291424,4.44578e-06,0,0,0,0,0
#[d_gene,1],[d_5_del,10]
%0.0055089,0.0088965,0.0376929,0.0472227,0.0138649,0.264814,0.202492,0.138766,0.0027419,0.0128925,0.0237014,0.239184,0.00216329,5.7412e-05,1.46943e-06,0,0,0,0,0,0
#[d_gene,1],[d_5_del,11]
%1.19915e-06,1.83001e-06,0.0573433,0.0398466,0.038148,0.241759,0.280456,0.124041,0.0687738,0.0306375,0.111896,0.00708614,9.29158e-06,2.8808e-08,0,0,0,0,0,0,0
#[d_gene,1],[d_5_del,12]
%0,0,0.000346398,0.00307123,0.0204887,0.0845443,0.042041,0.605185,0.0576851,0.183717,0.00287613,4.5965e-05,1.62307e-08,0,0,0,0,0,0,0,0
#[d_gene,1],[d_5_del,13]
%0.000546577,0.0243724,0.028935,0.166978,0.196745,0.194437,0.0846301,0.199606,0.101728,0.00201941,2.97118e-07,1.10771e-06,0,0,0,0,0,0,0,0,0
#[d_gene,1],[d_5_del,14]
%0.00525844,0.0201083,0.13329,0.232476,0.20439,0.0882153,0.210356,0.105285,0.000325096,0.000291656,5.32665e-06,0,0,0,0,0,0,0,0,0,0
#[d_gene,1],[d_5_del,15]
%0.0195498,0.0235015,0.00858865,0.0596893,0.192297,0.462818,0.23334,0.000123665,3.75099e-11,9.27245e-05,0,0,0,0,0,0,0,0,0,0,0
#[d_gene,1],[d_5_del,16]
%9.50327e-05,0.0059211,0.0675483,0.0406492,0.585104,0.298503,0.00138223,0.000155799,0.000641394,0,0,0,0,0,0,0,0,0,0,0,0
#[d_gene,1],[d_5_del,17]
%0,0.030118,0.280122,0.162829,0.507149,0.0016226,0.00942763,0.00873204,0,0,0,0,0,0,0,0,0,0,0,0,0
#[d_gene,1],[d_5_del,18]
%0,0,0.000587001,5.37885e-08,1.45219e-06,0.0231164,0.976295,0,0,0,0,0,0,0,0,0,0,0,0,0,0
#[d_gene,1],[d_5_del,19]
%0,0,0,0.0660048,0.0476115,0.886384,0,0,0,0,0,0,0,0,0,0,0,0,0,0,0
#[d_gene,1],[d_5_del,20]
%0,0,0,0,1,0,0,0,0,0,0,0,0,0,0,0,0,0,0,0,0
#[d_gene,2],[d_5_del,0]
%0,0,0,0,0,0,0,0,0,0,0.0261476,0,0.000801737,0.000196448,4.6345e-10,0.0196662,0.757155,0,0,0.184854,0.0111792
#[d_gene,2],[d_5_del,1]
%0,0,0,0,0.204602,1.53881e-05,0,0,0,0,0,0,0,0,0.000545842,0.120341,0.12529,0,0,0.0131451,0.536061
#[d_gene,2],[d_5_del,2]
%0,0,0,0,1.27773e-06,0,0,0.155858,0.00014167,0.000236599,0.00180401,0.00674304,0.00166648,0.00981176,0.028853,0.55084,0.0107992,0,0,0.0295281,0.203717
#[d_gene,2],[d_5_del,3]
%0,0,0,0,0,0.0413412,3.74751e-15,0.000237175,0.00368577,0.000442017,9.79188e-05,2.4896e-07,8.1499e-06,0.0100326,0.276677,0.433686,0.0364946,0,0,0.00711413,0.190183
#[d_gene,2],[d_5_del,4]
%0,0,0,0,0,0,0.000422596,0.000127542,0.00146992,0.000716798,0.00603066,0.00255191,0.00320865,0.00165368,0.0265833,0.476645,0.219605,0,0,0.00138008,0.259605
#[d_gene,2],[d_5_del,5]
%0,0,0,0,0,0,0,9.82941e-06,2.899e-06,0.00112222,0.00278056,0.00297113,0.00664631,0.000863169,0.0131336,0.416939,0.504742,0.000533823,0.000494151,0.0497613,0
#[d_gene,2],[d_5_del,6]
%0,0,0,0,0,0,0.00820917,0.00238139,9.1903e-05,0.0149696,0.000778634,0.000974032,0.00953964,0.00125299,0.0220926,0.906953,0.00396061,0.00370738,0.025089,0,0
#[d_gene,2],[d_5_del,7]
%0,0,0,0,0,0,0.0211702,5.90405e-05,0.000178048,0.000928002,0.000700338,0.00016084,0.00496453,0.149199,0.776042,0.0278705,0.00517003,0.0135566,0,0,0
#[d_gene,2],[d_5_del,8]
%0,0,0,0,1.37155e-06,0,3.13826e-06,6.66507e-05,0.0110666,0.00965033,0.00470715,0.0044272,0.0361016,0.853826,0.0680506,0.00714088,0.00495831,0,0,0,0
#[d_gene,2],[d_5_del,9]
%0,0,0,0,0,1.59348e-08,0.000108805,0.00167205,0.00417392,0.00469797,0.0163009,0.0330934,0.852395,0.0728656,0.0118834,0.00280953,0,0,0,0,0
#[d_gene,2],[d_5_del,10]
%0,0,0,0,0,0,0.00837561,4.22449e-06,0.011386,0.128319,0.0563337,0.770415,0.0050965,0.0146662,0.00540358,0,0,0,0,0,0
#[d_gene,2],[d_5_del,11]
%0,0,0,0,0.000535688,1.44137e-24,0.00456176,0.00163575,0.137554,0.295916,0.523357,0.0358178,9.56579e-05,0.000525466,0,0,0,0,0,0,0
#[d_gene,2],[d_5_del,12]
%0,0,0,3.47958e-05,0.00233486,0.000717988,0.000467086,0.00296681,0.159145,0.823697,0.0099194,0.000700889,1.67997e-05,0,0,0,0,0,0,0,0
#[d_gene,2],[d_5_del,13]
%0,0,0,0.00568358,0.0599709,0.0319614,0.456706,0.108383,0.332501,0.00472274,7.22688e-07,7.12347e-05,0,0,0,0,0,0,0,0,0
#[d_gene,2],[d_5_del,14]
%0,1.57095e-06,3.65935e-07,0.00496,0.0713582,0.0722319,0.355055,0.495813,0.000509351,1.62526e-05,5.4719e-05,0,0,0,0,0,0,0,0,0,0
#[d_gene,2],[d_5_del,15]
%0,0.00831696,0.00581961,0.00174523,0.0466127,0.301635,0.628344,0.00727535,4.04499e-09,0.000250652,0,0,0,0,0,0,0,0,0,0,0
#[d_gene,2],[d_5_del,16]
%0.00312873,0.0558928,0.0107828,0.0313384,0.280015,0.612793,0.00233062,0.00171045,0.00200822,0,0,0,0,0,0,0,0,0,0,0,0
#[d_gene,2],[d_5_del,17]
%0,0.0555835,0.248767,0.155066,0.52218,0.00223826,0.00347874,0.0126875,0,0,0,0,0,0,0,0,0,0,0,0,0
#[d_gene,2],[d_5_del,18]
%0,0,0.00192553,1.76493e-06,0.000416132,0.00688561,0.990771,0,0,0,0,0,0,0,0,0,0,0,0,0,0
#[d_gene,2],[d_5_del,19]
%0,0,0,0.00288034,0.0293934,0.967726,0,0,0,0,0,0,0,0,0,0,0,0,0,0,0
#[d_gene,2],[d_5_del,20]
%0,0,0,0,1,0,0,0,0,0,0,0,0,0,0,0,0,0,0,0,0
@j_5_del
$Dim[15,23]
#[j_choice,0]
%6.14194e-05,0.0005662,0.0247977,0.0672174,0.0547646,0.188013,0.0508299,0.0970826,0.193387,0.110953,0.0506791,0.0419408,0.0279671,0.00830027,0.036348,0.0168323,0.00130171,0.00575201,0.00231376,0.000129398,0.00073272,0.0179789,0.00205101
#[j_choice,1]
%0,0,0.00770924,0.0080334,0.0308643,0.0866778,0.0516984,0.0677469,0.261242,0.082816,0.109318,0.0374608,0.18676,0.0259689,0.00752098,5.91167e-09,0.00169097,0.00627257,0.0081463,3.01986e-07,0.0042959,0.012427,0.00335032
#[j_choice,2]
%0,0.00602602,0.0248054,0.00243162,0.282044,0.0180209,0.191132,0.0894892,0.105515,0.104025,0.0171806,0.0576113,0.0305707,0.0213875,0,0,0,0,0,0.0402355,0,0,0.00952469
#[j_choice,3]
%0,5.29222e-06,0.017605,0.0133137,0.0702642,0.00946253,0.0305167,0.0660563,0.0410568,0.0936503,0.0538111,0.0722562,0.129231,0.0268706,0.0357739,0.000769894,0.018973,0.00271689,0.00584282,0,0,0.261296,0.0505278
#[j_choice,4]
%7.77052e-06,0.00397829,0.0495725,0.0517884,0.0598879,0.0750117,0.12449,0.0942336,0.090948,0.128915,0.0891031,0.115316,0.0223137,0.0380057,0.00291004,0.0326111,0.00400804,0,0.00287977,3.369e-06,0.00673848,0,0.00727703
#[j_choice,5]
%0,0,0,0,0,0,0,0,0,0,0,0,0,0,0,0,0,0,0,0,0,0,1
#[j_choice,6]
%1.13926e-05,0.00891073,0.0787079,0.0170834,3.34065e-07,0.00788182,0.0272986,0.0465211,0.0618121,0.0848967,0.0896802,0.121477,0.155116,0.0869635,0.132672,0.0246862,0.00259946,0.0206386,0.0237727,0.000740144,0.00465752,0,0.00387354
#[j_choice,7]
%2.07614e-06,0.00441864,0.0311713,0.00871734,0.0562319,0.047517,0.0690596,0.0405172,0.134067,0.104816,0.105289,0.095107,0.141155,0.0601627,0.0330139,0.0091392,0.0203391,0.00873093,0.00985846,0.00626201,0.00678456,0.0045222,0.00311862
#[j_choice,8]
%0.00393302,3.11626e-09,0.00801919,0.000959239,0.101798,0.0381982,0.0724124,0.112806,0.154049,0.0840603,0.103906,0.0901595,0.0038263,0.0558512,2.60907e-06,0,0.00101415,0.00198917,2.22854e-08,0,0,0.165847,0.00116806
#[j_choice,9]
%0.000118187,0.00100811,0.0498486,0.0254975,0.0441224,0.0740582,0.272984,0.0467095,0.1837,0.0783861,0.0957081,0.0371016,0.0249376,0.0156971,0.0132042,0.00334589,0,0.00367786,0,0.00253273,0,0.0189775,0.00838497
#[j_choice,10]
%0,0.000114493,0.0536086,0.0542654,0.0557206,0.0671499,0.0444135,0.0784173,0.0338989,0.0285524,0.0471692,0.0222794,0.0344657,0.0139274,0,0,0.0101238,0,0,0.00685497,0,0,0.449038
#[j_choice,11]
%0,2.03964e-05,0.0148051,0.0191254,0.00846709,0.0739693,0.187432,0.114835,0.141138,0.288828,0.0489767,0.0339169,0.00884911,0.0121996,0.00104683,0.00382939,0.00399999,1.48367e-08,0.0063058,7.37861e-10,0.00144348,0.0219116,0.00890026
#[j_choice,12]
%0,2.9974e-06,0.0081502,0.00279049,0.0913642,0.0242932,0.0129503,0.025693,0.00662585,0.00885276,0.0104035,0.00337164,0,0.00431294,0,0,0,2.03743e-05,0,0,0,0,0.801169
#[j_choice,13]
%0.000762795,0.00497139,0.0371654,0.000878782,0.0636323,0.0692981,0.153186,0.175858,0.188638,0.110562,0.106326,0.0461794,0.0134197,0.00566016,0.00547463,2.44109e-05,0.000219699,0.00756053,0,0.000889896,0.00796723,0.000921717,0.000404119
#[j_choice,14]
%0,0,0,0,0,0,0,0,0,0,0,0,0,0,0,0,0,0,0,0.181441,0.36792,0.23322,0.21742
@vd_ins
$Dim[31]
#
%0.0411002,0.0603564,0.105182,0.133496,0.146172,0.0997432,0.0847294,0.0739148,0.0594815,0.0550226,0.0390124,0.02697,0.0170556,0.0157058,0.0124096,0.00706522,0.00387736,0.00968338,0.00299194,0.00162775,0.000338145,0.00130289,0.000285755,0.000259266,0.0012846,0.000240677,0.000415734,3.58305e-05,4.70998e-06,0.000224766,1.02257e-05
@vd_dinucl
$Dim[16]
#
%0.286267,0.28642,0.246331,0.180981,0.15126,0.466228,0.20478,0.177733,0.242266,0.196673,0.383253,0.177808,0.206845,0.352314,0.174974,0.265867
@dj_ins
$Dim[31]
#
%0.0602937,0.0514023,0.0999379,0.123057,0.101535,0.13793,0.0828899,0.0567364,0.0431909,0.038108,0.0314475,0.0254312,0.0200333,0.0121338,0.0165998,0.0151763,0.012805,0.0167907,0.015027,0.0137442,0.00949664,0.00307031,0.00340763,0.00270399,0.000841126,0.00250282,0.00159513,0.000828897,0.000613456,2.06891e-06,0.000668323
@dj_dinucl
$Dim[16]
#
%0.334278,0.165023,0.349104,0.151594,0.256809,0.300444,0.238428,0.204319,0.201982,0.157492,0.453656,0.18687,0.185606,0.303427,0.229527,0.281441
