@v_choice
$Dim[89]
#
%0.00363273,0.00567098,0.00559077,0.0104438,0.00771955,0.0089335,0.00904852,0.00108982,0.0137181,0,0.0103487,0.0120788,0.00308782,0.00617564,0.0125408,0.0127067,0,0.00281537,0.00281537,0.0166197,0,0.0130778,0,0.00054491,0,0.0294251,0.0084461,0.0108982,0,0.0573063,0.144038,0.0156207,0.00799201,0,0.0370539,0.0163473,0.0106257,0,0.00908183,0,0.00980945,0.00871748,0.00608482,0,0,0.0197984,0.00762873,0.0321497,0,0.0428662,0.00254291,0,0.00563073,0,0.0100808,0.004995,0.00163473,0.00145309,0.00681137,0.00927344,0.00916267,0.0282445,0.0402325,0.00517793,0.00381308,0.00217964,0.000454091,0.00127146,0,0.0524021,0,9.08183e-05,0,0.0777404,0,0,0,0.00899101,0.00781037,0.0027219,0.00318129,0.0110798,0,0.0283353,0,0,0,0,0.0421397
@j_choice
$Dim[15]
#
%0.0622091,0.0334211,0.0114407,0.0273363,0.0596676,0.0148945,9.05153e-05,0.199619,0.088457,0.0908185,0.039997,0.0905086,0.0545806,0.226378,0.000581974
@d_gene
$Dim[15,3]
#[j_choice,0]
%0.800064,0.196885,0.00305084
#[j_choice,1]
%0.825554,0.17258,0.0018661
#[j_choice,2]
%0.830409,0.134712,0.0348789
#[j_choice,3]
%0.795727,0.196842,0.0074313
#[j_choice,4]
%0.800199,0.197301,0.0025005
#[j_choice,5]
%0.715798,0.280109,0.00409319
#[j_choice,6]
%0.374747,0.625253,0
#[j_choice,7]
%0.214397,0.149491,0.636112
#[j_choice,8]
%0.345995,0.19797,0.456035
#[j_choice,9]
%0.248149,0.142483,0.609368
#[j_choice,10]
%0.500857,0.219563,0.27958
#[j_choice,11]
%0.391664,0.169349,0.438987
#[j_choice,12]
%0.32602,0.367519,0.306461
#[j_choice,13]
%0.395165,0.187293,0.417542
#[j_choice,14]
%0.0532679,0.692026,0.254706
@v_3_del
$Dim[89,21]
#[v_choice,0]
%0,0.0333348,0.0310452,0.0803638,0.156507,0.104403,0.0801273,0.0481241,0.193588,0.16409,0.075791,0.0326267,9.30282e-13,1.44018e-23,6.59071e-33,2.6518e-43,0,0,0,0,0
#[v_choice,1]
%0,0,0,0.011022,0.052863,0.0010687,0.0970804,0.144963,0.115175,0.070037,0.128177,0.0942048,0.115011,0.0716123,0.0621596,0.0366248,9.25632e-07,1.78536e-15,2.2238e-23,1.91968e-31,1.05296e-39
#[v_choice,2]
%0,0,0,0.0111352,0.0533326,0.00105978,0.097882,0.145967,0.115357,0.0697882,0.128167,0.0938124,0.114787,0.0712098,0.0615079,0.0359937,0,0,0,0,0
#[v_choice,3]
%0,0.000424911,0.0387091,0.00938471,0.0240817,0.0635288,0.0709617,0.114442,0.130272,0.0200929,0.173895,0.12254,0.118213,0.0213516,0.0450458,0.0470546,3.41211e-06,2.55622e-16,9.24303e-25,9.92121e-33,5.5081e-38
#[v_choice,4]
%0,0,0,0.0177925,0.0923913,0.00111833,0.0785916,0.181621,0.0699873,0.0614062,0.194234,0.17482,0.0599899,0.00507704,0.0511187,0,0,0.0118522,1.14708e-10,3.51602e-19,1.52562e-26
#[v_choice,5]
%0,0,0.00464831,0.0413619,0.0282908,0.0418356,0.0876793,0.060993,0.138238,0.0198442,0.190315,0.150955,0.0690072,0.019404,0.0735751,0.0682388,3.7453e-06,0,0.0056098,0,0
#[v_choice,6]
%0,0,0.00461368,0.0410365,0.0281856,0.0416948,0.0874443,0.0609512,0.137972,0.0200438,0.189657,0.150957,0.0694837,0.0198499,0.0738689,0.0684918,9.03175e-06,0,0.0057413,3.16945e-13,1.98903e-22
#[v_choice,7]
%0,0,0,0,0,0.000107071,0.239824,0,0.194275,0.382312,0.0789355,0.104547,1.91716e-17,6.04641e-26,5.1658e-33,2.37859e-42,4.1857e-49,0,0,0,0
#[v_choice,8]
%0,0,0.0190509,3.94408e-09,0.000633889,0.090351,0.151455,0.123515,0.0664246,0.318631,0.0844618,0.0567063,0.0460855,0.00522843,0.0228282,0.0146293,2.62414e-07,1.08097e-17,2.3551e-26,1.29256e-34,2.03246e-43
#[v_choice,9]
%0,0,0,0,0,0,0,0,0,0,0,0,0,0,0,0,0,0,0,0,0
#[v_choice,10]
%0,0,0.000209598,0.0305056,0.0571579,0.089536,0.113298,0.0702625,0.152004,0.305728,0.0522149,0.0422681,0.0168233,0.00039573,0.0528064,0.00666039,0.0101297,7.41998e-12,5.44658e-20,7.59865e-28,1.69095e-36
#[v_choice,11]
%0,0.00517607,0.00806453,0.0220477,0.00445942,0.147498,0.110169,0.0395135,0.157159,0.284261,0.0888745,0.0557058,0.0221593,0.0166175,0,0.0234478,9.29863e-08,0.0073323,0,0,0.00751524
#[v_choice,12]
%0,0,0.0287476,0,0,0.0419195,0.15188,0.0842086,0.0983732,0.378781,0.0547892,0.0676703,0.0322072,2.02268e-12,0.0320119,1.60463e-36,0,0,0,0,0.0294118
#[v_choice,13]
%0,0,0.0137117,0.00192109,0.00392531,0.193281,0.182226,0.0504098,0.17538,0.274953,0.0395864,0.0447218,0.0198841,5.15723e-10,4.66245e-17,3.14163e-23,2.30814e-31,2.90806e-39,5.36111e-47,0,0
#[v_choice,14]
%0,0.00269892,0.00256711,1.00934e-05,0.00303162,0.0417327,0.023539,0.236117,0.0272551,0.221057,0.232254,0.0860233,0.0512639,0.0161052,0.025301,0.00386415,0.0125431,0.00267423,0.00784253,0.00411958,0
#[v_choice,15]
%0,0.00271227,0.00257634,1.13166e-05,0.00302362,0.0414647,0.0234809,0.234932,0.0274039,0.220313,0.231638,0.0868302,0.0519911,0.0165021,0.0257092,0.0039696,0.0127291,0.00272058,0.00784549,0.00414568,3.11436e-12
#[v_choice,16]
%0,0,0,0,0,0,0,0,0,0,0,0,0,0,0,0,0,0,0,0,0
#[v_choice,17]
%0,0.0334711,0.0101407,0.244218,1.02617e-09,0.0141499,0.123695,0.137539,0.0049715,0.203519,0.00807167,0.0869473,0,0.100887,1.26048e-09,0,0.0323899,3.82256e-10,9.19359e-18,7.92958e-26,2.19599e-33
#[v_choice,18]
%0,0,0.0303851,1.65419e-06,0.0110415,0.0411092,0.100193,0.000427221,0.223854,0.461436,0.0182625,0.113291,2.8288e-11,2.19298e-19,8.84643e-27,4.90148e-35,1.1676e-40,0,0,0,0
#[v_choice,19]
%0,0.008608,5.89384e-07,0.095645,0.100408,0.111581,0.0827088,0.108328,0.256312,0.126049,0.029497,0.0375417,0.0152131,0.00462337,0.011138,0.0123463,1.18008e-07,6.87228e-16,1.3153e-24,1.32804e-32,1.57439e-40
#[v_choice,20]
%0,0,0,0,0,0,0,0,0,0,0,0,0,0,0,0,0,0,0,0,0
#[v_choice,21]
%0,0.000904146,0.000263931,0.188087,0.0628105,0.195533,0.0598121,0.16737,0.0394005,0.148476,0.0382687,0.0406063,0.0205474,0.00621623,0.0167189,0.00759155,3.95974e-08,0.00739412,3.94961e-09,4.59839e-20,1.11445e-33
#[v_choice,22]
%0,0,0,0,0,0,0,0,0,0,0,0,0,0,0,0,0,0,0,0,0
#[v_choice,23]
%0,0,0,0,0,0.301663,0.18738,0,0.246811,0.264146,1.31707e-07,1.68606e-13,3.72863e-21,4.37986e-29,7.03642e-36,5.74704e-44,5.93175e-49,0,0,0,0
#[v_choice,24]
%0,0,0,0,0,0,0,0,0,0,0,0,0,0,0,0,0,0,0,0,0
#[v_choice,25]
%0,0,0.00230925,0.071404,0.0356542,0.147018,0.203416,0.136446,0.204361,0.0726512,0.0491099,0.0272671,0.0160706,0.00755305,0.00977192,0.013856,8.65342e-08,0,0.00311203,1.63365e-11,2.26773e-19
#[v_choice,26]
%0,0,0,0.0106347,0,0.0106765,0.00786298,0.130889,0.0940912,0.131586,0.148652,0.145771,0.0417284,0.125642,0.0724546,0.0421867,0.0378252,1.28662e-10,2.32999e-19,5.5569e-28,2.5538e-36
#[v_choice,27]
%0,0,0,0.0148194,0.00415763,0.00796128,0.112113,0.0980264,0.181155,0.0492762,0.241731,0.0943296,0.088189,0.0217621,0.0283415,0.0503596,3.49931e-06,0.00777413,3.49185e-11,2.36274e-19,1.77549e-27
#[v_choice,28]
%0,0,0,0,0,0,0,0,0,0,0,0,0,0,0,0,0,0,0,0,0
#[v_choice,29]
%0.00147396,0.00272746,0.0225006,0.0593822,0.047411,0.0957419,0.0754193,0.166305,0.103956,0.095178,0.217219,0.0425307,0.0113054,0.0354677,0.0127064,0.0072631,8.3523e-09,0.00341191,4.80592e-13,1.15425e-19,1.56696e-28
#[v_choice,30]
%0.00286101,0.000380381,0.00189195,0.0668339,0.0964917,0.102652,0.098718,0.149078,0.152622,0.0216848,0.0947605,0.0694442,0.0663092,0.0213563,0.0308316,0.0169166,0.00203569,0.00125264,0.000461113,0.00185633,0.00156261
#[v_choice,31]
%0,0,0.000300249,0.0260242,0.0472862,0.0297294,0.103815,0.150206,0.110755,0.118517,0.0608444,0.0728227,0.0454835,0.121172,0.0543395,0.0173259,0.0173248,0.0182202,2.56745e-29,0,0.00583419
#[v_choice,32]
%0,0,0.00735751,0.009883,0.0422061,0.121001,0.10688,0.0946807,0.153197,0.0745441,0.140055,0.140315,0.0513222,0.00725116,0.0131543,0.0267749,5.84895e-07,0,0,0.0113774,1.932e-11
#[v_choice,33]
%0,0,0,0,0,0,0,0,0,0,0,0,0,0,0,0,0,0,0,0,0
#[v_choice,34]
%0,0.00204834,0.000561973,0.00412232,0.0184899,0.058364,0.0614973,0.113771,0.110528,0.242892,0.110836,0.0991869,0.0829202,0.0291346,0.0158629,0.0405496,0.00431245,1.98089e-36,0,0.00195515,0.00296749
#[v_choice,35]
%0,0,0,0.0155643,0.00467808,0.0540898,0.066067,0.159808,0.0948072,0.152751,0.186371,0.12699,0.0880932,0.00681104,0.0265187,0.00629016,6.32548e-08,0,0.00456641,0.00658835,5.01332e-06
#[v_choice,36]
%0,0,0.000176698,0.0199542,0.0227261,0.0185426,0.0143408,0.158168,0.146121,0.062861,0.256944,0.170835,0.0774605,0.0144785,0.0189848,0.00979462,0,0.0086118,4.66373e-19,2.2673e-31,1.04977e-42
#[v_choice,37]
%0,0,0,0,0,0,0,0,0,0,0,0,0,0,0,0,0,0,0,0,0
#[v_choice,38]
%0,0.00250041,0.0275408,0.0354974,0.0876964,0.212398,0.0445753,0.143163,0.196799,0.127276,0.00975171,0.0464169,0.046451,0,0.0199336,1.10796e-16,2.17403e-24,1.36744e-34,1.97182e-44,0,0
#[v_choice,39]
%0,0,0,0,0,0,0,0,0,0,0,0,0,0,0,0,0,0,0,0,0
#[v_choice,40]
%0,0.00172613,0.000765251,0.165928,0.0925808,0.171792,0.0538792,0.13249,0.0342945,0.180888,0.0257275,0.0322871,0.0321976,0.00344467,0.0424076,0.0295911,1.82117e-07,1.63532e-17,2.13107e-26,3.37086e-34,4.74342e-43
#[v_choice,41]
%0.00336135,0.0168539,0.000370632,0.0906951,0.138808,0.171534,0.112836,0.129224,0.146655,0.0492,0.0512428,0.0371314,0,0.0168628,0.0215083,0.0137156,1.8546e-06,1.05334e-16,2.51902e-25,1.57586e-33,6.09939e-43
#[v_choice,42]
%0,8.34527e-05,0.107936,0.0134737,0.0376864,0.0962184,0.0734274,0.225441,0.157051,0.147532,0.0600333,0.0337765,0.00791287,0.0220916,0.0173356,2.07616e-10,1.03353e-18,5.56619e-27,6.34697e-35,4.277e-42,0
#[v_choice,43]
%0,0,0,0,0,0,0,0,0,0,0,0,0,0,0,0,0,0,0,0,0
#[v_choice,44]
%0,0,0,0,0,0,0,0,0,0,0,0,0,0,0,0,0,0,0,0,0
#[v_choice,45]
%0,0.00585297,0.000159619,0.125697,0.0790873,0.208636,0.101851,0.131188,0.110089,0.17149,0.0177276,0.00118683,0.019373,5.65178e-28,0.00262852,0.00881247,0.00668989,0,0.00952961,1.87305e-17,1.77483e-26
#[v_choice,46]
%0,0,0.0147092,0.115595,0.110875,0.174246,0.115793,0.150144,0.187937,0.0577301,0.0089175,0.0266591,0.00906968,0.0164207,5.01451e-09,0,0,0,0,0,0.0119051
#[v_choice,47]
%0,6.98289e-28,0.0182641,0.163119,0.106951,0.15699,0.0922484,0.112372,0.16358,0.0955475,0.0262914,0.0176448,0.0150588,0.00976332,0.0134769,0.00459422,0.00409876,8.45369e-10,4.78609e-17,4.92789e-25,6.83156e-33
#[v_choice,48]
%0,0,0,0,0,0,0,0,0,0,0,0,0,0,0,0,0,0,0,0,0
#[v_choice,49]
%0,0,0.00291887,0.00170435,0.130128,0.144081,0.059083,0.130245,0.343105,0.0472028,0.0629103,0.0502321,0.00364483,0.0116247,0.00607328,0.00704665,1.49682e-11,1.09355e-19,1.91983e-27,2.43646e-35,7.53803e-42
#[v_choice,50]
%0,0,0.0316782,2.20295e-07,0.0270924,0.136275,0.0149715,0.245892,0.27433,0.149213,0.0466597,0,0.0282711,0.0456173,1.64948e-14,7.56709e-21,1.2334e-29,3.2634e-39,2.63564e-49,0,0
#[v_choice,51]
%0,0,0,0,0,0,0,0,0,0,0,0,0,0,0,0,0,0,0,0,0
#[v_choice,52]
%0,0,0.0149122,2.34165e-07,0.0145529,0.162312,0.0771999,0.069975,0.384757,0.169083,0.0367045,0.0543737,3.20601e-12,0,0,0,0,0,0,0.0161294,1.20038e-13
#[v_choice,53]
%0,0,0,0,0,0,0,0,0,0,0,0,0,0,0,0,0,0,0,0,0
#[v_choice,54]
%0,0.00500537,0.00881497,0.0212204,0.0727432,0.0844963,0.113501,0.0805384,0.419201,0.111425,0.0622566,0,0.0207982,5.19168e-10,6.65105e-19,1.40316e-24,1.46801e-33,4.58359e-42,0,0,0
#[v_choice,55]
%0,0,0.00093654,0.0463731,0.00245327,0.141476,0.061866,0.224747,0.312891,0.0596299,0.0919197,0.0212839,0,0.0148964,0.0215264,1.49224e-06,2.29105e-20,8.98979e-30,4.18948e-38,7.03987e-47,0
#[v_choice,56]
%0,0,0.0486906,9.43241e-07,0.0478942,0.210124,0.0865183,0.0976115,0.311711,0.19745,1.73534e-08,2.49316e-18,7.49871e-25,5.92984e-31,7.36657e-38,1.82468e-41,0,0,0,0,0
#[v_choice,57]
%0,0,0,0,0.0308171,0.149635,0.301757,0.00441929,0.450803,8.7738e-09,0,0,0.0625688,8.50496e-10,3.61002e-33,8.82647e-41,0,0,0,0,0
#[v_choice,58]
%0,0.0133118,2.35797e-35,0,0,0.00315161,0.132931,0.121307,0.16353,0.0655948,0.201536,0.138377,0.0800579,0,0.0353744,0.0448165,1.19654e-05,3.79558e-13,1.61345e-20,6.68555e-28,4.35957e-36
#[v_choice,59]
%0,0,0.0145228,0.0178407,0.0302976,0.0162035,0.137887,0.0615498,0.0924271,0.121036,0.218881,0.124081,0.0938126,0.0112158,0.0278701,0.0223343,1.28412e-05,0,0.00495584,0,0.0050723
#[v_choice,60]
%0,0,0.0146733,0.0179475,0.0304547,0.0161542,0.138487,0.0615533,0.0925807,0.1211,0.219498,0.123868,0.0934448,0.0108926,0.02743,0.0219858,6.69703e-06,0,0.00487304,0,0.00505023
#[v_choice,61]
%0,2.25428e-05,0.0237987,0.017145,0.0852867,0.0487681,0.110908,0.0717684,0.107986,0.0914432,0.137332,0.139074,0.108744,0.00690319,0.0328689,0.0147085,2.48273e-05,2.20368e-12,0,0,0.00321841
#[v_choice,62]
%0,0.0019148,0.0260658,0.019751,0.043084,0.0479525,0.160748,0.11333,0.0525755,0.155357,0.169159,0.106655,0.0533209,0.0138868,0.0206308,0.00747505,0.00352293,0,0.00224956,0,0.00231996
#[v_choice,63]
%0,0,0,0.0160927,0.0949722,1.06853e-06,0.129353,0.163328,0.0490466,0.122545,0.196232,0.120613,0.0107467,0.0563499,0.0231812,2.04922e-05,6.45784e-06,0,0,0,0.0175111
#[v_choice,64]
%0,0,0.0175347,0.00832032,0.101371,0.0316332,0.144304,0.0807764,0.0101843,0.260707,0.116645,0.150245,0.0303256,1.23919e-06,0.0116645,0.0362294,5.83701e-05,5.2771e-13,6.72241e-23,2.02784e-31,1.17878e-39
#[v_choice,65]
%0,5.52089e-05,0.0819569,4.29041e-07,0,0.00993814,0.220883,1.84275e-06,0.115353,0.105719,0.0395926,0.00935573,0.332506,1.43914e-36,0.0846386,8.05626e-12,9.35813e-13,1.28331e-21,5.05331e-30,1.79227e-38,2.73368e-48
#[v_choice,66]
%0,0,0,0.190329,0,0.166386,0.243261,1.80495e-07,0,0,0,0,0.400023,7.28451e-10,5.14905e-21,1.61328e-24,1.55697e-27,2.71874e-33,2.95777e-40,0,0
#[v_choice,67]
%0,0,0.0155014,0,0,0.0280415,0.144866,0.206986,0.174633,5.84592e-27,0.10197,0.18705,0,0.053338,0.0876139,4.30947e-14,6.62093e-20,1.41069e-29,1.23336e-40,0,0
#[v_choice,68]
%0,0,0,0,0,0,0,0,0,0,0,0,0,0,0,0,0,0,0,0,0
#[v_choice,69]
%0,0.00204332,0.000253963,0.0212778,0.00430768,0.165044,0.131337,0.0613014,0.13701,0.328125,0.0483501,0.0503072,0.0193892,0.00786507,0.011838,0.00691378,0.00290202,1.47038e-14,0,0,0.00173402
#[v_choice,70]
%0,0,0,0,0,0,0,0,0,0,0,0,0,0,0,0,0,0,0,0,0
#[v_choice,71]
%0,0,0,0,0,0,0,0,0,0,0,0,0,0,0,0,0,0,0,1,7.07156e-25
#[v_choice,72]
%0,0,0,0,0,0,0,0,0,0,0,0,0,0,0,0,0,0,0,0,0
#[v_choice,73]
%0,0.00191197,0.00318102,0.0137505,0.00715869,0.0740262,0.171176,0.0621653,0.164107,0.326022,0.0753496,0.0356095,0.0171262,0.014108,0.0123125,0.00562758,0.00337551,0.00121329,2.92846e-32,0.00324823,0.0085309
#[v_choice,74]
%0,0,0,0,0,0,0,0,0,0,0,0,0,0,0,0,0,0,0,0,0
#[v_choice,75]
%0,0,0,0,0,0,0,0,0,0,0,0,0,0,0,0,0,0,0,0,0
#[v_choice,76]
%0,0,0,0,0,0,0,0,0,0,0,0,0,0,0,0,0,0,0,0,0
#[v_choice,77]
%0,0,0,0.0050188,0.00585495,0.11698,0.118613,0.179948,0.0753076,0.319813,0.0715602,0.0517062,0.0129425,0.0118325,3.81085e-45,0,0.00848217,0.0117856,0,0,0.0101556
#[v_choice,78]
%0,0,0.00350554,0.0184138,0.0162402,0.044034,0.224738,0.066097,0.0806134,0.352394,0.0597871,0.0422899,0.0691102,8.26842e-32,0.00922266,0.0135545,1.06415e-07,6.19921e-22,2.96888e-31,1.99844e-40,3.11672e-50
#[v_choice,79]
%0,0,0,0.0205283,0.015547,0.0413752,0.206282,0.0445559,0.125588,0.298656,0.0795016,0,0.0617703,0.0395475,0,0.0319489,1.37097e-05,0.014736,0.0199499,1.81555e-13,4.22131e-24
#[v_choice,80]
%0,0,0,0,0.0326454,0.135568,0.0158972,0.0559921,0.125186,0.39045,0.0109489,0.101762,0.0446712,0.0277024,0,0.029237,1.18311e-05,0.0129121,0.0170169,6.17119e-23,4.23154e-40
#[v_choice,81]
%0,0,0,0.055569,0.0191508,0.144268,0.108988,0.0819677,0.176007,0.209701,0.091904,0.0797488,0.0174037,0.00702211,3.76707e-11,0,0,0.00826896,1.60984e-15,2.57169e-26,3.8605e-35
#[v_choice,82]
%0,0,0,0,0,0,0,0,0,0,0,0,0,0,0,0,0,0,0,0,0
#[v_choice,83]
%0,0,0.000198383,0.0418788,0.00612778,0.0656229,0.179507,0.097896,0.078059,0.320893,0.079327,0.0599098,0.0298304,0.0101705,0.00288277,0.0162699,0.00491663,2.93914e-06,0,0.00223449,0.00427308
#[v_choice,84]
%0,0,0,0,0,0,0,0,0,0,0,0,0,0,0,0,0,0,0,0,0
#[v_choice,85]
%0,0,0,0,0,0,0,0,0,0,0,0,0,0,0,0,0,0,0,0,0
#[v_choice,86]
%0,0,0,0,0,0,0,0,0,0,0,0,0,0,0,0,0,0,0,0,0
#[v_choice,87]
%0,0,0,0,0,0,0,0,0,0,0,0,0,0,0,0,0,0,0,0,0
#[v_choice,88]
%0,0,0.00219826,0.0076539,0.258807,0.0629736,0.062593,0.179953,0.262636,0.0481027,0.0365581,0.019414,0.0302814,0.0040866,0.0223591,1.27036e-06,0.00237461,6.29674e-06,1.15567e-13,3.88107e-21,1.84557e-29
@d_5_del
$Dim[3,21]
#[d_gene,0]
%0.00626827,0.00716629,0.0623947,0.0276775,0.0775713,0.159289,0.149426,0.101911,0.165382,0.0671074,0.0487028,0.0376009,0.0234376,0.0539013,7.08245e-05,0.00214784,0.00994535,0,0,0,0
#[d_gene,1]
%0.00043722,0.00225535,0.0302663,0.0157114,0.0469121,0.0607689,0.0519285,0.0597033,0.0673718,0.0859037,0.0472916,0.0264066,0.192034,0.0754191,0.0739649,0.0563586,0.0538847,0.0416937,0.00139193,0.00340122,0.00689475
#[d_gene,2]
%0.00134985,0.00247216,0.0506377,0.0165593,0.0824535,0.107817,0.114618,0.0768275,0.13688,0.11797,0.0683255,0.0535005,0.0357808,0.0414755,0.0191551,0.0451858,0.0160664,0.0106508,0.000260208,0.000747885,0.00126668
@d_3_del
$Dim[3,21,21]
#[d_gene,0],[d_5_del,0]
%0,0,0,0,0,7.0279e-08,0.0269024,0.0289556,4.83278e-10,0.00862966,0.0445882,2.72868e-06,0,0,0,0,0.00139385,0.0148114,0.0304562,0.120141,0.724119
#[d_gene,0],[d_5_del,1]
%0,0,0,0,0.0123564,0.00706503,0.0292451,0.0265676,0.000677854,0.079317,0.0228265,0.00215608,0.000292696,0,4.91153e-09,2.82145e-06,0.0279155,0.0244178,0.0427875,0.724372,0
#[d_gene,0],[d_5_del,2]
%0,0.00498836,6.61631e-05,3.64191e-05,0.0424401,0.0178839,0.0850246,0.265574,0.0409788,0.261725,0.140542,0.104729,0.0128762,1.08894e-09,0,2.96201e-05,9.39287e-05,0.000171079,0.0228401,0,0
#[d_gene,0],[d_5_del,3]
%0,7.5776e-08,0.00116707,0.000875344,0.0291837,0.00159423,0.0208933,0.257516,0.0345594,0.243795,0.157812,0.197206,0.0454155,0,0,7.34659e-08,6.66808e-05,0.00991515,0,0,0
#[d_gene,0],[d_5_del,4]
%0,0,0.0028517,4.11675e-05,0.0323515,0.0146819,0.109088,0.215539,0.0753135,0.250214,0.103334,0.126922,0.0690496,3.11751e-12,0,3.31884e-10,0.000614233,0,0,0,0
#[d_gene,0],[d_5_del,5]
%0,0.000366319,0.00365112,0.00208536,0.0401747,0.0298907,0.0537542,0.237388,0.0579538,0.211137,0.0331369,0.144155,0.186275,3.52041e-06,7.0842e-08,2.86913e-05,0,0,0,0,0
#[d_gene,0],[d_5_del,6]
%0,0,0.00300359,0.00991704,0.0164438,0.0112667,0.0556904,0.357155,0.113768,0.232296,0.0582288,0.141925,0.000289749,1.49177e-05,1.28458e-06,0,0,0,0,0,0
#[d_gene,0],[d_5_del,7]
%1.13537e-05,5.6998e-05,0.00357005,0.0161826,0.0583036,0.031086,0.126826,0.311139,0.0827306,0.101256,0.267955,0.00088241,4.93729e-09,4.82299e-10,0,0,0,0,0,0,0
#[d_gene,0],[d_5_del,8]
%0,0.000477695,0.00410237,0.0144212,0.0619723,0.0265124,0.104243,0.327617,0.0802224,0.379115,0.0013112,5.60418e-06,8.52433e-17,0,0,0,0,0,0,0,0
#[d_gene,0],[d_5_del,9]
%0,0.00122848,1.41444e-05,0.00602189,0.0827065,0.0370947,0.173308,0.286143,0.41097,0.0025091,3.52156e-06,1.01378e-25,0,0,0,0,0,0,0,0,0
#[d_gene,0],[d_5_del,10]
%0,1.05215e-07,0.0471366,0.0329186,0.0987243,0.131486,0.320351,0.369018,0.000365737,9.24435e-09,7.09191e-45,0,0,0,0,0,0,0,0,0,0
#[d_gene,0],[d_5_del,11]
%0,1.20722e-07,0.0112136,0.0128562,0.0916862,0.410851,0.473257,0.000136554,2.49634e-15,1.38741e-32,0,0,0,0,0,0,0,0,0,0,0
#[d_gene,0],[d_5_del,12]
%0.00607226,0.0154115,0.00324296,0.0668548,0.148497,0.759516,0.000405581,6.64684e-15,4.74635e-19,0,0,0,0,0,0,0,0,0,0,0,0
#[d_gene,0],[d_5_del,13]
%0,0.00205092,0.0115428,0.0923771,0.893016,0.00100612,2.11478e-09,6.80707e-06,0,0,0,0,0,0,0,0,0,0,0,0,0
#[d_gene,0],[d_5_del,14]
%0,0,1.25741e-05,0.000183392,0.0664835,0.305303,0.628017,0,0,0,0,0,0,0,0,0,0,0,0,0,0
#[d_gene,0],[d_5_del,15]
%0,0,0,0.112415,0.27879,0.608794,0,0,0,0,0,0,0,0,0,0,0,0,0,0,0
#[d_gene,0],[d_5_del,16]
%0,0,0,0,1,0,0,0,0,0,0,0,0,0,0,0,0,0,0,0,0
#[d_gene,0],[d_5_del,17]
%0,0,0,0,0,0,0,0,0,0,0,0,0,0,0,0,0,0,0,0,0
#[d_gene,0],[d_5_del,18]
%0,0,0,0,0,0,0,0,0,0,0,0,0,0,0,0,0,0,0,0,0
#[d_gene,0],[d_5_del,19]
%0,0,0,0,0,0,0,0,0,0,0,0,0,0,0,0,0,0,0,0,0
#[d_gene,0],[d_5_del,20]
%0,0,0,0,0,0,0,0,0,0,0,0,0,0,0,0,0,0,0,0,0
#[d_gene,1],[d_5_del,0]
%0,0,0,0,0,0,0,0.409448,0.466963,2.63894e-05,0.00288925,0,0.0208063,0.00651046,2.80402e-06,0.000376888,0,0,0,0.0173407,0.0756361
#[d_gene,1],[d_5_del,1]
%0,0,0,0,0,0,0,0.0167463,0.00715985,0.0100124,0.000492788,0.000693264,0.00680352,0.0123221,0.0939041,0.0131583,0.00555833,2.54991e-07,0,0.0137231,0.819426
#[d_gene,1],[d_5_del,2]
%0,0,0,0,0,0,1.95844e-07,0.000166878,0.00840061,0.0551062,0.0580993,0.0322127,0.089618,0.0573265,0.164432,0.410993,0.0342,4.78912e-07,0,0.000985294,0.0884586
#[d_gene,1],[d_5_del,3]
%0,0,0,0,0,0,0,0.000421921,0.0203889,0.0145553,0.0561658,0.0151737,0.0687306,0.0185896,0.0181509,0.560297,0.11887,3.26224e-09,0,0.00882432,0.0998318
#[d_gene,1],[d_5_del,4]
%0,0,0,0,0.000226024,5.09863e-09,5.36246e-05,0.000400299,0.0293917,0.0674105,0.0312223,0.0582752,0.0770305,0.0543219,0.0273964,0.3043,0.187729,9.59795e-10,0,0.00194645,0.160296
#[d_gene,1],[d_5_del,5]
%0,0,0,0,0,3.21249e-06,0.00265026,0.0101781,0.0332916,0.0774944,0.0198013,0.0434304,0.0175793,0.0106757,0.0524136,0.302619,0.374805,7.49278e-05,0.00196203,0.0530217,0
#[d_gene,1],[d_5_del,6]
%0,0,0.000491767,4.53143e-05,0.00272108,1.30236e-05,0.00187598,0.0233686,0.060297,0.101815,0.0333744,0.068576,0.0525056,0.019979,0.0599045,0.545971,0.0159785,0.00148121,0.0116026,0,0
#[d_gene,1],[d_5_del,7]
%0,0,0,0,1.18475e-10,9.24869e-07,0.00242976,0.00281285,0.0383957,0.0814767,0.0357892,0.0328629,0.0133239,0.0742225,0.708836,0.00602598,0.00164906,0.00217464,0,0,0
#[d_gene,1],[d_5_del,8]
%0,0,0,0,0.000259946,0.000367241,0.0106234,0.0465798,0.0453565,0.0660685,0.101906,0.0575137,0.0615025,0.599367,0.00992953,0.000281389,0.000244138,0,0,0,0
#[d_gene,1],[d_5_del,9]
%0,0,0,0,3.52031e-05,0.000489924,0.00530898,0.0461727,0.039348,0.10743,0.0393994,0.080362,0.628678,0.0516242,0.00114665,4.72052e-06,0,0,0,0,0
#[d_gene,1],[d_5_del,10]
%0,0,0,0.000482183,0.00833059,0.0365981,0.0249547,0.0787527,0.0931406,0.0487215,0.032058,0.674902,0.00205025,8.89601e-06,2.93314e-07,0,0,0,0,0,0
#[d_gene,1],[d_5_del,11]
%0,0,0,0,0.00282499,0.000780384,0.0094023,0.0492974,0.161464,0.0990838,0.643522,0.0336188,6.117e-06,1.39281e-08,0,0,0,0,0,0,0
#[d_gene,1],[d_5_del,12]
%0,3.84908e-06,1.2129e-06,2.19264e-05,0.0124187,0.00884527,0.00914558,0.478802,0.0943151,0.39215,0.00409294,0.000203947,2.68134e-09,0,0,0,0,0,0,0,0
#[d_gene,1],[d_5_del,13]
%0.000588111,0.0230018,0.00252458,0.0348685,0.105091,0.15418,0.0798102,0.324262,0.272556,0.00311036,7.92759e-06,9.40152e-08,0,0,0,0,0,0,0,0,0
#[d_gene,1],[d_5_del,14]
%3.00997e-05,0.0214023,0.00903203,0.127268,0.156892,0.0808729,0.330696,0.273217,0.000582097,5.38698e-06,1.74145e-06,0,0,0,0,0,0,0,0,0,0
#[d_gene,1],[d_5_del,15]
%0.0254446,0.00404002,0.00526432,0.0692654,0.104775,0.431504,0.359156,0.000269512,0.000158977,0.000122936,0,0,0,0,0,0,0,0,0,0,0
#[d_gene,1],[d_5_del,16]
%0.0257282,0.0326713,0.031983,0.081327,0.446602,0.376506,0.0033537,0.000133988,0.00169454,0,0,0,0,0,0,0,0,0,0,0,0
#[d_gene,1],[d_5_del,17]
%0,0.249104,0.114664,0.141107,0.481357,0.00203649,0.0030705,0.00866078,0,0,0,0,0,0,0,0,0,0,0,0,0
#[d_gene,1],[d_5_del,18]
%0,0,0.000335117,6.31076e-06,0.000749095,0.0571278,0.941782,0,0,0,0,0,0,0,0,0,0,0,0,0,0
#[d_gene,1],[d_5_del,19]
%0,0,0,0.000161961,0.0224287,0.977409,0,0,0,0,0,0,0,0,0,0,0,0,0,0,0
#[d_gene,1],[d_5_del,20]
%0,0,0,0,1,0,0,0,0,0,0,0,0,0,0,0,0,0,0,0,0
#[d_gene,2],[d_5_del,0]
%0,0.00145498,0.0447538,0,0.0484823,8.83775e-07,0.583686,0.12965,0.0906731,2.61436e-05,0.0171327,0,0.0244622,0.0207974,3.19045e-05,0.000165115,4.01715e-26,0,0,0.0236927,0.014991
#[d_gene,2],[d_5_del,1]
%0,0.0493614,0.0744564,0,0.0071406,7.08833e-05,0.0050778,0.0594172,0.0341586,0.0439088,0.00179849,0.00465922,0.0371127,0.0144145,0.0304181,0.0040126,0.0026039,2.44945e-06,0,0.00155946,0.629827
#[d_gene,2],[d_5_del,2]
%0.00204318,4.88667e-07,0.0226165,0.000157331,0.00164071,0.00639189,0.206686,0.0677738,0.0110853,0.136307,0.106095,0.0690359,0.13339,0.0321762,0.0720777,0.0929164,0.00685676,4.10774e-07,0,0.000131931,0.032618
#[d_gene,2],[d_5_del,3]
%0.0142817,0,0.00255937,4.2887e-06,0.0500413,0.0151511,0.040288,0.095393,0.0888132,0.0788156,0.10173,0.0497067,0.105049,0.040069,0.00588098,0.226004,0.0446192,1.03296e-09,0,0.00141576,0.0401775
#[d_gene,2],[d_5_del,4]
%0,2.46244e-05,0.0431573,0.000699719,0.00201567,0.0173628,0.155142,0.118055,0.0512019,0.154095,0.0390177,0.0813042,0.112113,0.0686683,0.0154814,0.0653809,0.0265575,1.79896e-11,0,0.000147164,0.0495762
#[d_gene,2],[d_5_del,5]
%0.00265677,1.94375e-05,0.0187456,0.0261532,0.00327622,0.00895841,0.276749,0.131702,0.0662877,0.156544,0.0359963,0.0863847,0.0434621,0.010582,0.0256173,0.0501972,0.0412188,2.50681e-06,0.000724715,0.0147218,0
#[d_gene,2],[d_5_del,6]
%0.0002887,0.000634759,0.0216513,0.00419411,0.00794845,0.0270141,0.207432,0.131462,0.0923049,0.138597,0.033418,0.0975042,0.0862282,0.00934324,0.0255083,0.10696,0.00215088,8.59559e-05,0.00727341,0,0
#[d_gene,2],[d_5_del,7]
%0,0.00755817,0.0457606,0.0103885,0.00453305,0.0264394,0.256367,0.12173,0.0754459,0.198582,0.0477004,0.0418165,0.0395682,0.0167565,0.0960913,0.00141825,0.000570427,0.00927418,0,0,0
#[d_gene,2],[d_5_del,8]
%0,0.000891725,0.038035,0.000521098,0.00284799,0.0218098,0.336686,0.190681,0.0733823,0.104493,0.0922874,0.0451148,0.0291956,0.056243,0.00360082,0.00133982,0.00287046,0,0,0,0
#[d_gene,2],[d_5_del,9]
%0,0.00392355,0.0393372,0.0156464,0.0261372,0.0636849,0.246129,0.0790556,0.0799259,0.18636,0.0513376,0.0403454,0.147882,0.0113725,0.00790854,0.000953799,0,0,0,0,0
#[d_gene,2],[d_5_del,10]
%0.00891169,0.000161001,0.0717279,0.00691438,0.0432675,0.0375225,0.391039,0.154799,0.0534829,0.0533439,0.0170201,0.159632,0.00136752,0.000232833,0.000577556,0,0,0,0,0,0
#[d_gene,2],[d_5_del,11]
%6.02955e-05,0.0156648,0.0828567,0.0366282,0.0430011,0.0689636,0.42227,0.129887,0.0414153,0.0304241,0.125106,0.00244005,0.00037994,0.000902924,0,0,0,0,0,0,0
#[d_gene,2],[d_5_del,12]
%4.11409e-06,0.000273514,0.131642,0.00397964,0.00497633,0.0384965,0.17578,0.0238666,0.139777,0.471308,0.00815148,0.00115971,0.000585154,0,0,0,0,0,0,0,0
#[d_gene,2],[d_5_del,13]
%0.00119369,0.00271322,0.0327487,0.0186357,0.0185803,0.0331051,0.720248,0.0560899,0.115692,0.000902854,2.65376e-06,8.80531e-05,0,0,0,0,0,0,0,0,0
#[d_gene,2],[d_5_del,14]
%0,3.95481e-06,0.0196977,0.00938791,0.244744,0.034781,0.455717,0.235311,0.000293678,3.93591e-06,6.03151e-05,0,0,0,0,0,0,0,0,0,0
#[d_gene,2],[d_5_del,15]
%0,0.000164439,0.000931369,0.0253579,0.0812,0.0274947,0.858579,0.00606704,8.24585e-05,0.000122702,0,0,0,0,0,0,0,0,0,0,0
#[d_gene,2],[d_5_del,16]
%5.8772e-07,0.0173504,0.0714852,0.0492408,0.415526,0.438697,0.00471693,0.00164256,0.00134037,0,0,0,0,0,0,0,0,0,0,0,0
#[d_gene,2],[d_5_del,17]
%0,0.168184,0.135396,0.236508,0.445157,0.00796786,0.000642048,0.0061454,0,0,0,0,0,0,0,0,0,0,0,0,0
#[d_gene,2],[d_5_del,18]
%0,0,0.000372391,4.02241e-06,0.00430475,0.0462225,0.949096,0,0,0,0,0,0,0,0,0,0,0,0,0,0
#[d_gene,2],[d_5_del,19]
%0,0,0,0.00024094,0.0159558,0.983803,0,0,0,0,0,0,0,0,0,0,0,0,0,0,0
#[d_gene,2],[d_5_del,20]
%0,0,0,0,1,0,0,0,0,0,0,0,0,0,0,0,0,0,0,0,0
@j_5_del
$Dim[15,23]
#[j_choice,0]
%0.00139038,0.00284324,0.0156573,0.0583416,0.0393277,0.17828,0.0719646,0.142289,0.109868,0.124893,0.0734252,0.0401913,0.0410314,0.00935024,0.0291832,0.0325288,0.000386878,0.00435667,0.00375543,1.57183e-08,0.00111361,0.0139961,0.00582573
#[j_choice,1]
%0,0.00264241,0.0124674,7.69686e-05,0.0397467,0.060265,0.0885863,0.11158,0.158538,0.146475,0.099921,0.11541,0.0953318,0.0350215,0.00370702,0.00990568,0.00503889,0.00597607,0.00656157,0,0,0,0.00274812
#[j_choice,2]
%0.0211973,0.00216377,0.0188469,0.0288178,0.301995,0.122607,0.086884,0.0752049,0.137035,0.0163386,0.01538,0.0535399,0.0400778,0.00978904,2.05069e-06,0.0146822,1.33417e-18,0,0,0.0317221,0,0,0.0237176
#[j_choice,3]
%1.12272e-05,0.00109268,0.0158737,0.0288624,0.0618813,0.00815369,0.0537688,0.0556073,0.0763958,0.0992279,0.0632194,0.113203,0.115354,0.0102905,0.0254558,0.0215069,0.00137347,0.00769518,0.0057013,1.96687e-37,0,0.210591,0.0247349
#[j_choice,4]
%0.00168501,0.000313531,0.0636202,0.0515486,0.0635866,0.0475532,0.115015,0.135689,0.0842184,0.133329,0.0867576,0.119323,0.0133002,0.0263215,0.0164807,0.0320778,5.62641e-15,0,0.00111323,0.00193895,0,0.000747841,0.00538176
#[j_choice,5]
%0.000633852,0.0153286,0.0291135,0.0186119,0.0190063,0.00831971,0.0251938,0.0552713,0.0610857,0.0638021,0.0243912,0.184963,0.167473,0.0948582,0.0970618,0.0449156,0.0150477,0,0.0171904,0.0311386,0.00759974,0,0.0189939
#[j_choice,6]
%0,0,0,0,0,0,0,0,0,0,0,0,0,0,0,0,0,0,0,0,0,0,1
#[j_choice,7]
%1.46349e-05,0.0111822,0.0386647,0.0106683,0.0567978,0.0403308,0.0634587,0.0582473,0.145132,0.107398,0.110581,0.0808641,0.112735,0.0718153,0.036285,0.00947623,0.0109901,0.00305588,0.00809455,0.0110195,0.00651455,0.00352606,0.0031478
#[j_choice,8]
%0.00229258,2.10083e-05,0.0167747,0.0010181,0.0707139,0.0889477,0.0824814,0.109868,0.147528,0.0762155,0.126173,0.102045,0.00255908,0.0580213,0.00809977,0.00622174,0.00024489,0.00437601,4.03894e-11,0,0,0.0890926,0.00730633
#[j_choice,9]
%0.00120015,4.26882e-05,0.0342095,0.0182132,0.0639724,0.107013,0.226279,0.0860912,0.159217,0.100372,0.0977576,0.0447112,0.0163958,0.00255857,0.00745151,0.00510918,0.00253018,0.00249552,0.00738693,2.2349e-08,0,0.00467024,0.0123237
#[j_choice,10]
%1.86928e-07,4.06522e-08,0.072608,0.0983012,0.0804273,0.133192,0.0867267,0.0658749,0.0599607,0.0512245,0.0446375,0.0395641,0.0636614,0.00758888,0.0147721,0.0076534,2.30329e-20,0.00452522,0.00121702,0.00535032,6.45147e-05,0,0.16265
#[j_choice,11]
%1.53471e-06,7.34712e-05,0.0222064,0.00266817,0.0157486,0.0661109,0.20107,0.107449,0.146828,0.275413,0.0588467,0.040674,0.0027713,0.0189196,0.0110727,0.00120689,0.00138914,0.00221503,0.00106443,0.00123226,0.00167916,0.0174879,0.0038712
#[j_choice,12]
%0,0.00219899,0.00866739,0.0066778,0.0868695,0.0257597,0.0526362,0.0230165,0.0440624,0.00676713,0.00112871,0.00677361,1.5264e-08,0,0,0.00097495,0.00400018,0,0,0,0,0,0.730467
#[j_choice,13]
%8.19519e-05,0.00565797,0.0320291,0.000801097,0.0665641,0.070677,0.148926,0.228497,0.143448,0.100461,0.0941239,0.0672683,0.00560756,0.0154396,0.00243857,0.0043651,0.00416543,0.00153613,0.00258254,0.000757224,0.00287701,3.68221e-05,0.00165818
#[j_choice,14]
%0,0,0,0,0,0,0,0,0,0,0,0,0,0,0,0,0,0,0,0,0.0933194,0.0344573,0.872223
@vd_ins
$Dim[31]
#
%0.0418097,0.0533373,0.108617,0.127754,0.138984,0.101082,0.083184,0.0784996,0.0592685,0.0591313,0.0326931,0.028243,0.0265713,0.0144945,0.0100488,0.00709776,0.00656403,0.00567366,0.00457831,0.00229663,0.00277216,0.00205387,0.000614167,0.00145564,0.00170124,0.000517324,5.0979e-05,0.0007336,2.1291e-05,2.62891e-07,0.000150677
@vd_dinucl
$Dim[16]
#
%0.293243,0.279582,0.243896,0.183279,0.163839,0.453203,0.20345,0.179508,0.247971,0.188708,0.374263,0.189058,0.213122,0.324372,0.18791,0.274595
@dj_ins
$Dim[31]
#
%0.056578,0.0529149,0.0941922,0.129752,0.120767,0.135615,0.08229,0.0570979,0.0518512,0.0384233,0.0306499,0.0257554,0.0209565,0.0159514,0.0194124,0.0118658,0.012118,0.0137979,0.00947463,0.00515748,0.00574404,0.00210647,0.00163247,0.00236647,0.000556749,0.00103255,0.00053653,0.000822322,7.00216e-07,0.000209822,0.000370771
@dj_dinucl
$Dim[16]
#
%0.29633,0.168797,0.34976,0.185113,0.243954,0.311097,0.225645,0.219303,0.217973,0.171127,0.438755,0.172145,0.199308,0.269133,0.249425,0.282134
