@v_choice
$Dim[89]
#
%0.00311591,0.0130436,0.0128531,0,0.0152333,0.00704939,0.00714532,0.000415455,0,0,0.0173106,0.0101786,0.00290818,0.00339288,0.0121433,0.0122993,0,0.00256197,0.00193879,0.0128791,0,0.0139177,0,0.000692425,0,0.0297743,0.00761667,0.00713198,0,0.0444537,0.307852,0.0157873,0.00754743,0,0.0544938,0.0139177,0.00990168,0,0.00941698,0,0,0,0.00512394,0,0,0.023127,0.00872455,0,0,0.0522781,0,0.000761667,0.00498546,0,0.00810137,0.00450076,0.00131561,0.000484697,0.0135023,0.00212401,0.00209978,0.0128791,0.045977,0,0.00671652,0.00186955,0.000484697,0.00401606,0,0.00969635,0.0050523,0,0,0,0,0.062526,0,0.0060241,0.00436228,0.00373909,0,0.00692425,0,0.0221576,0,0,0,0,0.0234732
@j_choice
$Dim[15]
#
%0.0792857,0.0419609,0.0123479,0.030259,0.0832987,0.0173106,0.000138479,0.201288,0.0852375,0.0927955,0.0363589,0.081357,0.0314201,0.206241,0.000700653
@d_gene
$Dim[15,3]
#[j_choice,0]
%0.764791,0.223865,0.0113434
#[j_choice,1]
%0.752457,0.231806,0.0157374
#[j_choice,2]
%0.736732,0.248518,0.0147501
#[j_choice,3]
%0.724212,0.268481,0.00730717
#[j_choice,4]
%0.805938,0.184447,0.00961499
#[j_choice,5]
%0.737964,0.240401,0.0216353
#[j_choice,6]
%0.170433,0.301027,0.52854
#[j_choice,7]
%0.244359,0.151333,0.604308
#[j_choice,8]
%0.423554,0.122708,0.453738
#[j_choice,9]
%0.327238,0.151966,0.520796
#[j_choice,10]
%0.493241,0.193968,0.312791
#[j_choice,11]
%0.428254,0.191411,0.380335
#[j_choice,12]
%0.508888,0.289744,0.201368
#[j_choice,13]
%0.41494,0.201943,0.383118
#[j_choice,14]
%0.676289,0.0102653,0.313445
@v_3_del
$Dim[89,21]
#[v_choice,0]
%0,0,0.0456845,0.056752,0.100027,0.192546,0.0547338,0.0956081,0.195896,0.000128582,0.112271,0.050606,0.0468439,0.0264356,6.06183e-23,0,0.0224675,4.47719e-10,1.21566e-25,2.23823e-39,0
#[v_choice,1]
%0,0,0.0047765,0.0348292,0.0237955,0.0106795,0.0934696,0.122513,0.0675207,0.0882958,0.149948,0.137818,0.12525,0.0474501,0.0602305,0.0227321,0.00719297,0.00349828,2.02237e-11,5.01467e-19,1.02562e-22
#[v_choice,2]
%0,0,0.00481883,0.0350475,0.0238171,0.0106272,0.0940692,0.123128,0.0674946,0.0883151,0.150228,0.137894,0.125143,0.0469974,0.0597376,0.0224088,0.00692359,0.00334991,0,0,0
#[v_choice,3]
%0,0,0,0,0,0,0,0,0,0,0,0,0,0,0,0,0,0,0,0,0
#[v_choice,4]
%0.00361232,0.0023127,0.00880421,0.0310617,0.0482703,0.00348168,0.0491245,0.140301,0.0910006,0.0607233,0.151637,0.126356,0.10489,0.0257692,0.0881129,0.0460548,0.0056641,0,0.00347759,5.53034e-05,0.00929116
#[v_choice,5]
%0,0,0.0212527,0.012414,0.0441449,0.0314381,0.0966213,0.0499064,0.0992683,0.0559396,0.166745,0.153495,0.0494862,0.0320194,0.0897535,0.0764051,0.00595265,0.010289,0,0,0.00486888
#[v_choice,6]
%0,0,0.0211333,0.0123863,0.0439206,0.0314395,0.096288,0.0499551,0.099016,0.056053,0.166048,0.153411,0.0498793,0.0324402,0.0897785,0.0765321,0.00619241,0.0106132,2.1195e-36,0,0.00491336
#[v_choice,7]
%0,0,0,0,0.158702,0,0.134658,0.198096,0,0.341287,0,0,0.167256,5.82235e-24,3.02912e-36,0,0,0,0,0,0
#[v_choice,8]
%0,0,0,0,0,0,0,0,0,0,0,0,0,0,0,0,0,0,0,0,0
#[v_choice,9]
%0,0,0,0,0,0,0,0,0,0,0,0,0,0,0,0,0,0,0,0,0
#[v_choice,10]
%0.00338035,0,0.00474274,0.0347766,0.0334582,0.163837,0.056709,0.0501637,0.176201,0.246361,0.0654126,0.0656769,0.0464975,0.0186307,0.0160023,0.0100496,2.77531e-06,0,0.00343804,0.00466026,1.25418e-07
#[v_choice,11]
%0,0,0.0179041,0.016306,0.013227,0.112647,0.0861679,0.0112765,0.185251,0.346436,0.0800694,0.0364369,0.0535517,0.00611022,0.00686866,0.0148531,0.00585195,0,0.0070431,2.87787e-14,1.56225e-23
#[v_choice,12]
%0,0,0,0,0,0.0162235,0.0305958,0.0977632,0.276322,0.441587,0.0204096,0.0216911,0.0476833,0,0,0.0238943,1.10429e-07,0,0,0.0238308,4.65707e-13
#[v_choice,13]
%0.0202827,0,0.0004503,0.0202278,0.0177961,0.190547,0.188621,0.127242,0.135661,0.215864,0.0213099,0,0.0209863,0,0,0.0206008,1.00436e-09,0,0,0,0.020411
#[v_choice,14]
%0,0,0,0.000357537,8.54701e-05,0.0117922,0.117274,0.0997377,0.150782,0.186648,0.173249,0.13407,0.0587535,0.00368518,0.0451946,0.0153998,9.21371e-09,0.00297108,0,0,0
#[v_choice,15]
%0,0,0,0.000353826,8.60309e-05,0.0117212,0.116675,0.0993454,0.150223,0.18642,0.173164,0.134452,0.0593811,0.00384893,0.0455976,0.015651,4.03983e-07,0.0030811,8.59718e-14,2.0115e-23,6.51889e-32
#[v_choice,16]
%0,0,0,0,0,0,0,0,0,0,0,0,0,0,0,0,0,0,0,0,0
#[v_choice,17]
%0.0268179,0,0,0,0.0085311,0.0571917,0.282435,0.0116068,0.0442711,0.234002,0.151017,0.0863764,0.0145018,0,0.0137563,0.0337522,0.0357405,1.33186e-12,6.8575e-23,9.41713e-32,1.18484e-39
#[v_choice,18]
%0,0,0,0,0.0382874,0.0397972,0.147432,4.73406e-05,0.361949,0.302635,0.000530798,0.0655736,0.0437475,4.47915e-08,9.69581e-13,4.07501e-20,7.53797e-24,8.17387e-32,2.3449e-39,0,0
#[v_choice,19]
%0.00491996,0,2.7527e-05,0.0644948,0.114244,0.190859,0.0963924,0.10249,0.150854,0.136864,0.032669,0.0362119,0.0224916,0.0257788,5.03292e-10,0.0027009,0.00806876,0,0.00455022,0.00638284,3.91706e-13
#[v_choice,20]
%0,0,0,0,0,0,0,0,0,0,0,0,0,0,0,0,0,0,0,0,0
#[v_choice,21]
%8.69497e-06,0.0137962,0.00492021,0.105569,0.0760881,0.165834,0.157879,0.0816468,0.0632714,0.15198,0.044066,0.0401288,0.0285003,0.0136147,0.0222553,4.32123e-05,0.00920183,0.00516013,0.00529372,0.00456398,0.00617918
#[v_choice,22]
%0,0,0,0,0,0,0,0,0,0,0,0,0,0,0,0,0,0,0,0,0
#[v_choice,23]
%0,0,0,0.0804486,0.0267419,0.262854,0.214705,0.0506053,0.151714,0.000124829,0.109673,0,0.103133,6.19515e-13,5.10015e-26,2.6773e-38,2.91674e-45,0,0,0,0
#[v_choice,24]
%0,0,0,0,0,0,0,0,0,0,0,0,0,0,0,0,0,0,0,0,0
#[v_choice,25]
%0.00169471,1.74491e-09,0.00803601,0.0222495,0.0412512,0.0903394,0.191948,0.276352,0.160561,0.0426982,0.0995713,0.00658625,0.0368707,0.00386685,0.00584649,0.00281627,1.02405e-07,0,0,0.00642811,0.00288445
#[v_choice,26]
%0,0,0.0153665,0.0179465,0.00392651,0.0186641,0.0587416,0.160566,0.0112382,0.183087,0.0852425,0.164805,0.0890133,0.102268,0.0189773,0.0547789,2.1527e-05,1.87773e-46,0,0.0153577,1.87793e-10
#[v_choice,27]
%0,0,0.00695951,0,0.00592844,0.043425,0.128447,0.0490738,0.0837833,0.152782,0.171392,0.130736,0.107022,0.0362021,0.0463912,0.0133662,0.0126955,0.0117965,7.17702e-15,4.08519e-25,1.60873e-33
#[v_choice,28]
%0,0,0,0,0,0,0,0,0,0,0,0,0,0,0,0,0,0,0,0,0
#[v_choice,29]
%3.1976e-05,0.000287432,0.012608,0.0748053,0.0204138,0.101734,0.0582728,0.162331,0.081457,0.132997,0.185359,0.0717896,0.0274661,0.036289,0.0100096,0.0158427,0.00328363,0.00135977,0.00366248,2.74259e-09,5.9974e-18
#[v_choice,30]
%5.26113e-06,0.00184823,0.00363761,0.0516753,0.0826409,0.0905843,0.0943346,0.140175,0.169883,0.0349409,0.0908599,0.0796584,0.074459,0.0238426,0.0292813,0.0216188,0.00619535,0.000219123,0.00127478,0.00057306,0.00229236
#[v_choice,31]
%0,0,9.89892e-05,0.0186415,0.055505,0.0239671,0.114248,0.127055,0.161789,0.11986,0.0524976,0.0823192,0.0757985,0.0743874,0.0396738,0.0196987,0.0256716,8.5074e-07,0,0,0.00878728
#[v_choice,32]
%0,0,8.34795e-05,0.0384327,0.0530489,0.109589,0.0771135,0.206121,0.11603,0.0574004,0.0934213,0.0539421,0.0705383,0.0653515,0.0194768,0.0210915,9.18664e-07,0,0,0.00562156,0.0127375
#[v_choice,33]
%0,0,0,0,0,0,0,0,0,0,0,0,0,0,0,0,0,0,0,0,0
#[v_choice,34]
%0,0.000288747,0.00249947,0.013766,0.00424083,0.0459877,0.0843736,0.0861046,0.10753,0.203472,0.13534,0.125158,0.0727523,0.0227982,0.0566656,0.0234732,0.00639321,0.00136492,0.000428806,0.00424633,0.00311671
#[v_choice,35]
%0.00438051,1.60923e-09,0.00410078,0.00762521,0.00406497,0.0777667,0.0127887,0.129734,0.116312,0.151608,0.179677,0.163624,0.0764323,0.013728,0.00963769,0.027735,1.94681e-05,0.00571904,0,0.00312401,0.0119232
#[v_choice,36]
%0,0,0.0179361,0.00666776,0.0109997,0.0336689,0.0391282,0.147382,0.131555,0.104219,0.149411,0.20854,0.106105,0.0232003,5.56548e-15,0.00575481,0.00710699,0.00832474,8.98223e-10,1.18612e-15,5.84909e-29
#[v_choice,37]
%0,0,0,0,0,0,0,0,0,0,0,0,0,0,0,0,0,0,0,0,0
#[v_choice,38]
%0,0.0120862,3.09929e-05,0.0466698,0.0964094,0.203888,0.0601999,0.113937,0.22345,0.111943,0.0385597,0.0125192,0.0349367,2.06513e-18,0.0217657,0.0106414,0.0129646,2.30289e-11,8.57894e-20,3.87961e-28,1.10107e-35
#[v_choice,39]
%0,0,0,0,0,0,0,0,0,0,0,0,0,0,0,0,0,0,0,0,0
#[v_choice,40]
%0,0,0,0,0,0,0,0,0,0,0,0,0,0,0,0,0,0,0,0,0
#[v_choice,41]
%0,0,0,0,0,0,0,0,0,0,0,0,0,0,0,0,0,0,0,0,0
#[v_choice,42]
%0,0.000102686,0.0861211,0.0849802,0.0639813,0.089839,0.181236,0.0227568,0.128666,0.139741,0.0325543,0.0331281,0.096314,2.68814e-06,0,0,0.0264101,9.01127e-13,0.0141666,7.34883e-08,9.81174e-16
#[v_choice,43]
%0,0,0,0,0,0,0,0,0,0,0,0,0,0,0,0,0,0,0,0,0
#[v_choice,44]
%0,0,0,0,0,0,0,0,0,0,0,0,0,0,0,0,0,0,0,0,0
#[v_choice,45]
%0.00172712,0.000901277,0.00348867,0.0965493,0.11946,0.186569,0.0998852,0.166625,0.104789,0.124778,0.0288069,0.0184329,0.0268064,0.000528812,0.0172826,0.00337124,1.21197e-08,8.05518e-22,9.58272e-31,2.5684e-39,0
#[v_choice,46]
%0.00590065,0.000575635,0.00416926,0.15885,0.026119,0.217988,0.0630654,0.139028,0.102871,0.19963,0.00404006,0.0204018,0.0160685,0.0109873,0.0118912,0.0184147,3.29927e-07,4.21127e-17,1.46229e-25,1.96509e-34,3.35123e-42
#[v_choice,47]
%0,0,0,0,0,0,0,0,0,0,0,0,0,0,0,0,0,0,0,0,0
#[v_choice,48]
%0,0,0,0,0,0,0,0,0,0,0,0,0,0,0,0,0,0,0,0,0
#[v_choice,49]
%0,3.46598e-09,0.0154633,0.00460885,0.120331,0.11703,0.109936,0.133593,0.277279,0.0486934,0.0569617,0.0551625,0.0301832,0.0198233,0.00485696,0.00203346,3.26242e-42,0.00271408,5.1608e-18,0,0.00133066
#[v_choice,50]
%0,0,0,0,0,0,0,0,0,0,0,0,0,0,0,0,0,0,0,0,0
#[v_choice,51]
%0,0,0.00354618,0.155852,0.108627,1.85728e-07,0.00729693,0.343556,0.0865482,0.103249,9.18823e-05,0,0.0979017,1.97893e-42,0.0933288,2.78394e-06,1.51539e-21,1.18665e-30,1.33185e-49,0,0
#[v_choice,52]
%0,0,0,9.75322e-07,0.103558,0.0943087,0.134098,0.0905212,0.280095,0.0135338,0.0986551,0.0824641,0.0180758,2.20177e-29,0.0351891,0.0217144,4.61544e-13,0,0,0.0109161,0.0168694
#[v_choice,53]
%0,0,0,0,0,0,0,0,0,0,0,0,0,0,0,0,0,0,0,0,0
#[v_choice,54]
%0.00826385,2.63143e-08,0.00267203,1.62692e-07,0.0637365,0.0827813,0.0631076,0.118838,0.380187,0.173372,0.0794992,0.00706771,5.5683e-05,0.0102603,0.0101579,1.88312e-08,1.3147e-20,3.27406e-29,8.40268e-38,1.15141e-46,0
#[v_choice,55]
%0,0,9.54675e-06,0,0.144954,0.10015,0.116357,0.309363,0.177129,0.0676383,0.035881,0.0175441,0,0,0.0309733,2.04103e-07,3.82428e-16,2.87125e-24,1.22129e-32,5.00765e-41,0
#[v_choice,56]
%0,0,0.0465855,8.80607e-05,0.0159651,0.058797,0.0762535,0.26327,0.369477,0.0621667,0,0.107397,1.37558e-09,3.71966e-18,1.25693e-27,6.35214e-32,4.87364e-39,6.9023e-47,0,0,0
#[v_choice,57]
%0,0,0,0,0,0.275769,0,0.253342,0.155179,0.168374,8.71399e-23,0.147335,5.99752e-15,2.99738e-25,1.42059e-31,1.42487e-37,0,0,0,0,0
#[v_choice,58]
%0.00169363,0.00401807,0.0188484,0.0215689,0.0153814,0.0172186,0.0981424,0.149184,0.0581996,0.0588612,0.180553,0.156304,0.063632,0.053529,0.0366967,0.055461,2.91733e-06,0.00555582,2.67171e-46,0,0.00514908
#[v_choice,59]
%0,0,0.00995794,0.0429324,0.0119084,0.0274201,0.0893426,0.109797,0.12848,0.162386,0.131811,0.11031,0.129064,2.19956e-11,0,0.0136565,9.04032e-07,0,0.0140065,0.0184741,0.000452412
#[v_choice,60]
%0,0,0.0100632,0.0432887,0.0119148,0.0274949,0.0898425,0.109834,0.128571,0.162407,0.131558,0.109747,0.128717,0,0,0.0134362,3.04507e-07,0,0.01409,0.0185839,0.000450442
#[v_choice,61]
%0.00397276,0,0.00325151,0.0328811,0.037693,0.0286934,0.130022,0.136457,0.128638,0.0818868,0.136342,0.0949332,0.0893377,0.00757614,0.0575704,0.0253578,1.81733e-06,0,0,0.00538558,1.40265e-15
#[v_choice,62]
%0.00310972,0.00125867,0.0190892,0.0197084,0.0242078,0.0427606,0.146331,0.142243,0.0963248,0.0993122,0.166153,0.0985506,0.0598783,0.0154809,0.033817,0.0254871,1.45939e-06,0.00321044,0,0.00307648,8.44639e-13
#[v_choice,63]
%0,0,0,0,0,0,0,0,0,0,0,0,0,0,0,0,0,0,0,0,0
#[v_choice,64]
%0,0,0.0202457,0.0265338,0.0222567,0.0911749,0.123479,0.0810163,0.0790768,0.131304,0.250405,0.0322767,0.0942098,0.000108765,0.00900691,0.00595164,0.0329542,1.77262e-10,7.26803e-20,3.10994e-28,2.89587e-36
#[v_choice,65]
%0,0,0.0616868,0.0440478,0,0.000203388,0.175152,0.143752,0.0600512,0.168354,0.0419482,0.155869,4.9807e-31,0,0.023071,0.125863,2.07347e-06,1.33018e-15,1.74484e-23,1.60538e-31,3.49331e-39
#[v_choice,66]
%0,0,0,0,0.277132,7.28689e-08,0.104905,0.171543,0,0.297977,0,0.148442,8.258e-13,5.82248e-21,2.52025e-28,1.62397e-38,9.01183e-47,0,0,0,0
#[v_choice,67]
%0,0,0.0025418,0.037705,0.0109544,0.0989314,0.0575935,0.164502,0.103044,0.0946622,0.16501,0.124029,0.0963697,0,0.0248234,0.0198312,2.05912e-06,3.19602e-15,3.45761e-23,2.64204e-31,2.23941e-40
#[v_choice,68]
%0,0,0,0,0,0,0,0,0,0,0,0,0,0,0,0,0,0,0,0,0
#[v_choice,69]
%0,0,0.0167939,0.0120356,0.000693988,0.0659399,0.157501,0.0560898,0.175609,0.35309,0.0771094,0.0358447,0.0137294,0.0156933,5.07623e-07,0.0127264,5.77841e-07,0,0,0,0.00714285
#[v_choice,70]
%0,0,0,0,0.0296041,0.0699917,0.108407,0.0779446,0.10484,0.381339,0.0431904,0.0612331,0.073737,0.0497103,3.27708e-06,2.66511e-14,1.55152e-17,2.14753e-24,9.33587e-32,5.46893e-40,1.28169e-47
#[v_choice,71]
%0,0,0,0,0,0,0,0,0,0,0,0,0,0,0,0,0,0,0,0,0
#[v_choice,72]
%0,0,0,0,0,0,0,0,0,0,0,0,0,0,0,0,0,0,0,0,0
#[v_choice,73]
%0,0,0,0,0,0,0,0,0,0,0,0,0,0,0,0,0,0,0,0,0
#[v_choice,74]
%0,0,0,0,0,0,0,0,0,0,0,0,0,0,0,0,0,0,0,0,0
#[v_choice,75]
%0.0012885,0.00150372,0.00691129,0.0116894,0.00176831,0.101467,0.115955,0.0665565,0.166252,0.323236,0.0686065,0.0391706,0.0250087,0.0131351,0.0263788,0.0153791,0.00710942,0.00363931,0.00252891,0.00108461,0.00133158
#[v_choice,76]
%0,0,0,0,0,0,0,0,0,0,0,0,0,0,0,0,0,0,0,0,0
#[v_choice,77]
%0,0,0,0,0.000333207,0.0935034,0.138507,0.130004,0.158824,0.297616,0.0463857,0.0743363,0.0249391,0,0.0355525,6.57386e-17,3.04534e-25,6.00412e-34,2.98415e-42,0,0
#[v_choice,78]
%0,0,0,0.0131253,0.0020196,0.0135417,0.125493,0.0710209,0.108883,0.422802,0.0808546,0.0728975,0.0244604,0,0.0465036,0.0183686,2.98037e-05,5.74306e-11,1.97682e-17,8.98874e-25,7.6538e-33
#[v_choice,79]
%0,0,0,0.00684746,8.99233e-05,0.139733,0.0958339,0.0429281,0.119707,0.365078,0.150675,0.0414686,0.0154067,0.0222318,2.77437e-12,1.68996e-23,1.12268e-28,3.95536e-37,5.74261e-50,0,0
#[v_choice,80]
%0,0,0,0,0,0,0,0,0,0,0,0,0,0,0,0,0,0,0,0,0
#[v_choice,81]
%0,0,0,0.00168182,8.37172e-05,0.152852,0.180932,0.00799818,0.217809,0.299093,0.0575577,0.0509164,0.00827399,0.00403195,0.0187705,5.24327e-13,8.10898e-18,4.75642e-25,2.35333e-32,1.86004e-40,5.84304e-49
#[v_choice,82]
%0,0,0,0,0,0,0,0,0,0,0,0,0,0,0,0,0,0,0,0,0
#[v_choice,83]
%0.00544978,0.0036083,0,0.00390227,0.036609,0.080197,0.115113,0.0914771,0.129117,0.320153,0.0923039,0.0457226,0.0358349,0.012796,0.0108629,0.00683883,1.07034e-05,0.00366104,8.77953e-41,0.00249434,0.00384808
#[v_choice,84]
%0,0,0,0,0,0,0,0,0,0,0,0,0,0,0,0,0,0,0,0,0
#[v_choice,85]
%0,0,0,0,0,0,0,0,0,0,0,0,0,0,0,0,0,0,0,0,0
#[v_choice,86]
%0,0,0,0,0,0,0,0,0,0,0,0,0,0,0,0,0,0,0,0,0
#[v_choice,87]
%0,0,0,0,0,0,0,0,0,0,0,0,0,0,0,0,0,0,0,0,0
#[v_choice,88]
%0.00502148,5.17288e-09,0.00432728,0.00394988,0.220385,0.119767,0.0506154,0.13842,0.253034,0.0448948,0.0608132,0.0599804,0.000945476,0.017722,0.0150445,0.00507989,1.43724e-12,2.64484e-21,3.82353e-30,2.19857e-38,1.21916e-47
@d_5_del
$Dim[3,21]
#[d_gene,0]
%0.0138641,0.00517228,0.0547976,0.0230258,0.0784438,0.140473,0.154957,0.114042,0.149686,0.110304,0.038148,0.0353745,0.021251,0.0504242,0.000236501,0.00212615,0.0076735,0,0,0,0
#[d_gene,1]
%0.000389078,0.00257779,0.027432,0.0193009,0.0668527,0.0789813,0.0602942,0.0470824,0.0663381,0.0708792,0.0464245,0.0430894,0.172189,0.0534849,0.0606216,0.0611344,0.0568719,0.0432785,0.00239143,0.00734966,0.0130373
#[d_gene,2]
%0.000796924,0.00262212,0.0412759,0.0261503,0.0711725,0.114698,0.111447,0.0604926,0.132789,0.096191,0.0712737,0.0567497,0.0482076,0.0389448,0.0197307,0.0579056,0.0338608,0.0119249,0.000261906,0.00133236,0.00217207
@d_3_del
$Dim[3,21,21]
#[d_gene,0],[d_5_del,0]
%0,0,0.00138007,0,0,0,0.000781073,0.0158671,0.0168427,0.00305899,0.000565901,0.00320755,5.37667e-05,0,0,3.71378e-07,0.000129335,0.0264403,0.0752038,0.177879,0.67859
#[d_gene,0],[d_5_del,1]
%0,0,0.0124666,0.0112752,0.044994,0.00170045,0.0743017,0.00827085,0.0105675,0.0300216,0.0380465,0.0146948,0.0105045,0,0,9.82855e-06,0.00372954,0.101864,0.116578,0.520975,0
#[d_gene,0],[d_5_del,2]
%0,3.14832e-05,0.0137505,0.00297645,0.03874,0.00890861,0.0746278,0.229262,0.0436096,0.305091,0.128876,0.117199,0.0221269,0,0,4.24409e-07,9.69701e-05,0.000575614,0.0141281,0,0
#[d_gene,0],[d_5_del,3]
%0.00580037,3.80683e-07,7.97825e-06,0.00310493,0.0555018,0.0191944,0.12226,0.153456,0.0443997,0.252399,0.15483,0.106364,0.0706334,3.32085e-27,0,3.1645e-08,0.000185526,0.0118622,0,0,0
#[d_gene,0],[d_5_del,4]
%5.30854e-15,0.000421042,0.00571948,0.000745693,0.0579546,0.0116337,0.059038,0.138493,0.101597,0.248895,0.115877,0.119701,0.138942,6.682e-11,0,2.80522e-06,0.000979292,0,0,0,0
#[d_gene,0],[d_5_del,5]
%9.57844e-05,1.7603e-06,0.00475117,0.00174938,0.048921,0.00588425,0.0772465,0.182662,0.094911,0.229108,0.0425722,0.0997318,0.212156,3.46369e-07,8.02854e-06,0.000201115,0,0,0,0,0
#[d_gene,0],[d_5_del,6]
%0,8.19175e-05,0.00699198,0.0022006,0.027292,0.0137607,0.0691577,0.311306,0.132095,0.195883,0.0420753,0.198647,0.000497406,9.98194e-09,1.27721e-05,0,0,0,0,0,0
#[d_gene,0],[d_5_del,7]
%0.00135813,6.188e-05,0.00433901,0.0112013,0.0649657,0.0137658,0.0537363,0.343095,0.0813451,0.121551,0.30329,0.00128689,3.85471e-06,2.35799e-07,0,0,0,0,0,0,0
#[d_gene,0],[d_5_del,8]
%0,0,0.00567127,0.00176705,0.067515,0.0159572,0.102379,0.344149,0.0871891,0.373562,0.00181025,3.02412e-07,2.78149e-16,0,0,0,0,0,0,0,0
#[d_gene,0],[d_5_del,9]
%0.000675504,0.000227195,0.00975274,0.00185848,0.0519958,0.0410292,0.123157,0.264079,0.502319,0.00489773,7.74519e-06,1.96753e-21,0,0,0,0,0,0,0,0,0
#[d_gene,0],[d_5_del,10]
%8.68104e-05,2.33438e-05,0.0235404,0.0473857,0.0779752,0.108583,0.294471,0.447017,0.000917928,2.27328e-07,2.62823e-33,0,0,0,0,0,0,0,0,0,0
#[d_gene,0],[d_5_del,11]
%0.00364766,0.0238758,0.0493247,0.0188419,0.110424,0.315648,0.47808,0.000158451,6.73196e-27,2.15484e-33,0,0,0,0,0,0,0,0,0,0,0
#[d_gene,0],[d_5_del,12]
%0.00761526,0.00398929,0.0110956,0.00963147,0.171268,0.794955,0.00144421,7.36642e-07,9.60246e-27,0,0,0,0,0,0,0,0,0,0,0,0
#[d_gene,0],[d_5_del,13]
%0,0.000447787,0.00103089,0.0439669,0.954027,0.000515185,8.39682e-07,1.1302e-05,0,0,0,0,0,0,0,0,0,0,0,0,0
#[d_gene,0],[d_5_del,14]
%0,0,0,0,0.631559,0.151469,0.216972,0,0,0,0,0,0,0,0,0,0,0,0,0,0
#[d_gene,0],[d_5_del,15]
%0,0,0,0.000581839,0.321716,0.677702,0,0,0,0,0,0,0,0,0,0,0,0,0,0,0
#[d_gene,0],[d_5_del,16]
%0,0,0,0,1,0,0,0,0,0,0,0,0,0,0,0,0,0,0,0,0
#[d_gene,0],[d_5_del,17]
%0,0,0,0,0,0,0,0,0,0,0,0,0,0,0,0,0,0,0,0,0
#[d_gene,0],[d_5_del,18]
%0,0,0,0,0,0,0,0,0,0,0,0,0,0,0,0,0,0,0,0,0
#[d_gene,0],[d_5_del,19]
%0,0,0,0,0,0,0,0,0,0,0,0,0,0,0,0,0,0,0,0,0
#[d_gene,0],[d_5_del,20]
%0,0,0,0,0,0,0,0,0,0,0,0,0,0,0,0,0,0,0,0,0
#[d_gene,1],[d_5_del,0]
%0,0,0,0,0,0,0,0.000502751,0.00273365,2.76085e-05,0.00181177,0.133063,0.000472521,0.00105851,0.0494196,0.363721,0.00717593,1.69311e-06,0,0.0067686,0.433243
#[d_gene,1],[d_5_del,1]
%0,0,0,0,0,0,0,0.0027587,0.0386537,0.000385241,0.0254906,0.00652584,0.0398096,0.0180246,0.00114269,0.118399,0.0643938,5.07331e-07,1.52872e-06,0.394319,0.290095
#[d_gene,1],[d_5_del,2]
%0,0,0,0,0,0,1.63482e-09,0.00178596,0.0151109,0.0321513,0.0213393,0.0433183,0.0261045,0.0356062,0.0503444,0.64048,0.0640507,1.24562e-29,2.06546e-09,0.00806407,0.0616446
#[d_gene,1],[d_5_del,3]
%0,0,0,0,0,0,0,0.00119953,0.0057189,0.0434389,0.0122882,0.0183909,0.0050058,0.0336927,0.0619293,0.471972,0.19467,7.02369e-10,0,0.00181687,0.149876
#[d_gene,1],[d_5_del,4]
%3.31332e-08,0,0,0,0,0,6.84874e-06,0.00287913,0.0116397,0.0381368,0.0125136,0.00480058,0.00836092,0.0226568,0.074502,0.355361,0.258994,5.00359e-10,0,0.000858814,0.209289
#[d_gene,1],[d_5_del,5]
%0,0,0,0,2.9058e-07,0,6.70238e-05,0.00802738,0.0238976,0.0328118,0.0287767,0.0199851,0.0153732,0.0264418,0.0494485,0.319219,0.436465,1.9464e-06,0.00486461,0.0346199,0
#[d_gene,1],[d_5_del,6]
%0,0,0,0,0,9.95962e-05,0.00215003,0.0658424,0.0401978,0.0333636,0.0451728,0.037558,0.0286052,0.0260312,0.0394817,0.650018,0.0172841,0.000143763,0.0140523,0,0
#[d_gene,1],[d_5_del,7]
%0,0,0,0,0.00249365,0.000495687,0.0112723,0.0194454,0.012406,0.0385535,0.0365025,0.0129543,0.0298088,0.0126942,0.804712,0.0106277,0.00418744,0.00384689,0,0,0
#[d_gene,1],[d_5_del,8]
%0,0,0,0.00263094,0.000171562,9.74006e-07,0.00503746,0.0328474,0.026051,0.0976537,0.0318713,0.0537841,0.0884266,0.645326,0.0156397,0.000328799,0.000230662,0,0,0,0
#[d_gene,1],[d_5_del,9]
%0,0,0,1.38786e-06,3.38962e-10,6.5149e-06,0.00504536,0.038554,0.0300593,0.0565064,0.03135,0.092361,0.702226,0.0432694,0.000614959,5.67417e-06,0,0,0,0,0
#[d_gene,1],[d_5_del,10]
%0,0,1.16159e-08,7.96083e-06,1.27754e-06,3.34981e-05,0.0453176,0.0914319,0.0833357,0.0709244,0.0533568,0.652031,0.0035113,4.79141e-05,2.27678e-07,0,0,0,0,0,0
#[d_gene,1],[d_5_del,11]
%0,0,0.00435083,4.6235e-07,1.06822e-05,0.00595883,0.0368894,0.121743,0.087668,0.182291,0.540122,0.0209454,1.94796e-05,4.80335e-09,0,0,0,0,0,0,0
#[d_gene,1],[d_5_del,12]
%0,0,0.00309586,9.0242e-06,0.00013445,0.0160978,0.0338206,0.221356,0.0894711,0.630831,0.00499312,0.000190754,4.94562e-09,0,0,0,0,0,0,0,0
#[d_gene,1],[d_5_del,13]
%0.000943813,0.000246511,4.67676e-05,0.0107724,0.00209041,0.0352217,0.139134,0.338689,0.464616,0.00821883,1.87429e-05,2.14604e-06,0,0,0,0,0,0,0,0,0
#[d_gene,1],[d_5_del,14]
%0.000801826,0.000150739,0.010236,0.128911,0.0309653,0.121976,0.297247,0.409059,0.000593273,5.30214e-05,6.68748e-06,0,0,0,0,0,0,0,0,0,0
#[d_gene,1],[d_5_del,15]
%0.00035851,0.0523882,0.0218562,0.100954,0.119886,0.294715,0.407144,0.00142066,0.00113666,0.000140604,0,0,0,0,0,0,0,0,0,0,0
#[d_gene,1],[d_5_del,16]
%0.0118143,0.0062866,0.122471,0.104162,0.315912,0.435962,0.0010357,5.14808e-05,0.0023052,0,0,0,0,0,0,0,0,0,0,0,0
#[d_gene,1],[d_5_del,17]
%0,0.13679,0.154196,0.122752,0.568581,0.00105572,0.00266133,0.0139639,0,0,0,0,0,0,0,0,0,0,0,0,0
#[d_gene,1],[d_5_del,18]
%0,0,9.26907e-05,6.05968e-08,0.000507634,0.344307,0.655093,0,0,0,0,0,0,0,0,0,0,0,0,0,0
#[d_gene,1],[d_5_del,19]
%0,0,0,0.0115242,0.0335087,0.954967,0,0,0,0,0,0,0,0,0,0,0,0,0,0,0
#[d_gene,1],[d_5_del,20]
%0,0,0,0,1,0,0,0,0,0,0,0,0,0,0,0,0,0,0,0,0
#[d_gene,2],[d_5_del,0]
%0,0,0,0,0.00123101,0,0.257344,0.143885,0.0202906,0.000468103,0.0110366,0.404869,0.00310008,0.000546228,0.0037148,0.0708362,0.00326689,2.83437e-07,0,3.54925e-07,0.0794113
#[d_gene,2],[d_5_del,1]
%0.045125,0,0.0187437,0.0116274,0.0152582,0.000623539,0.291117,0.102484,0.050587,0.00185606,0.0706864,0.0240913,0.193226,0.0098404,0.000328539,0.0617439,0.0342621,5.01774e-07,0,0.00836217,0.0600369
#[d_gene,2],[d_5_del,2]
%0.00502472,0,0.0128485,3.75211e-07,0.0251344,0.00517318,0.183572,0.0720576,0.0471343,0.11327,0.0616346,0.129093,0.0916865,0.0346195,0.0238447,0.169024,0.00946865,3.68254e-13,0,0.00179839,0.0146161
#[d_gene,2],[d_5_del,3]
%4.68532e-08,0.000407369,0.01891,3.93656e-07,0.00189897,0.000477009,0.173727,0.028384,0.0161226,0.160692,0.0371051,0.0742405,0.0158402,0.0406353,0.0685522,0.215669,0.0805011,4.09914e-09,0,0.00116679,0.0656703
#[d_gene,2],[d_5_del,4]
%0.000188026,2.30111e-06,1.45003e-05,0.00340544,0.0150609,0.011853,0.151331,0.129948,0.0491906,0.188536,0.0579803,0.024579,0.0438096,0.0220433,0.0550417,0.128114,0.0656992,1.28719e-10,1.91074e-10,0.000290257,0.0529127
#[d_gene,2],[d_5_del,5]
%0.000839309,0.000104522,0.0163576,0.00189724,0.000550083,0.0099806,0.219931,0.121752,0.0839994,0.119802,0.0738028,0.0570591,0.0658282,0.0279501,0.0379655,0.0779159,0.0642911,8.28761e-08,0.000761738,0.0192118,0
#[d_gene,2],[d_5_del,6]
%0.00161787,0.000796582,0.0214193,0.0156524,0.00507598,0.0308686,0.239417,0.137197,0.100824,0.0964325,0.0622969,0.0837269,0.0752732,0.00894878,0.0123981,0.0862576,0.00252819,0.000579631,0.0186898,0,0
#[d_gene,2],[d_5_del,7]
%0.000103924,0.000917389,0.0140241,0.0178042,0.00747034,0.0215673,0.19479,0.0902068,0.0503298,0.141069,0.0959461,0.048222,0.141341,0.00571433,0.124674,0.00477325,0.00173672,0.0393107,0,0,0
#[d_gene,2],[d_5_del,8]
%1.71688e-05,3.66237e-06,0.0440584,0.00570293,0.00859589,0.0384552,0.279453,0.143557,0.0889586,0.145043,0.0545779,0.0496252,0.0421439,0.0842901,0.0057644,0.00193364,0.00781982,0,0,0,0
#[d_gene,2],[d_5_del,9]
%0,7.49765e-05,0.0362202,0.0259173,0.0142464,0.0489823,0.272749,0.08798,0.0899916,0.143174,0.0701004,0.0453569,0.141357,0.0123024,0.00888682,0.00266066,0,0,0,0,0
#[d_gene,2],[d_5_del,10]
%1.69569e-08,0.000603622,0.0711101,0.0187765,0.0362548,0.0275019,0.364141,0.162766,0.101451,0.073957,0.0316835,0.109198,0.000669613,0.000879636,0.00100798,0,0,0,0,0,0
#[d_gene,2],[d_5_del,11]
%1.78801e-05,0.00210904,0.079561,0.0295831,0.00930542,0.0473988,0.405477,0.141942,0.0583183,0.0648344,0.15466,0.00637294,9.34645e-05,0.000326376,0,0,0,0,0,0,0
#[d_gene,2],[d_5_del,12]
%2.17014e-05,0.00283628,0.0353903,0.0211792,0.00407469,0.0428068,0.297117,0.0479172,0.1042,0.411954,0.0303802,0.00193718,0.000184887,0,0,0,0,0,0,0,0
#[d_gene,2],[d_5_del,13]
%0,3.74026e-08,0.0999656,0.00842813,0.0225975,0.11152,0.433552,0.124839,0.196684,0.00216613,4.56483e-05,0.000202515,0,0,0,0,0,0,0,0,0
#[d_gene,2],[d_5_del,14]
%0.000146857,0.0144008,0.0342394,0.0115755,0.189706,0.140815,0.229756,0.379071,0.000218736,2.2803e-05,4.74566e-05,0,0,0,0,0,0,0,0,0,0
#[d_gene,2],[d_5_del,15]
%0.000176103,0.00118227,0.0189817,0.0048604,0.130486,0.128625,0.711034,0.00454271,7.98931e-05,3.20255e-05,0,0,0,0,0,0,0,0,0,0,0
#[d_gene,2],[d_5_del,16]
%0.0178328,0.00203725,0.0162742,0.0167558,0.392153,0.546287,0.00457892,0.00350049,0.000580731,0,0,0,0,0,0,0,0,0,0,0,0
#[d_gene,2],[d_5_del,17]
%0,0.0819846,0.0911874,0.179006,0.635853,0.00186488,0.000899945,0.00920442,0,0,0,0,0,0,0,0,0,0,0,0,0
#[d_gene,2],[d_5_del,18]
%0,0,3.48078e-05,2.52592e-08,4.51627e-08,0.148444,0.851521,0,0,0,0,0,0,0,0,0,0,0,0,0,0
#[d_gene,2],[d_5_del,19]
%0,0,0,0.00688273,0.0154503,0.977667,0,0,0,0,0,0,0,0,0,0,0,0,0,0,0
#[d_gene,2],[d_5_del,20]
%0,0,0,0,1,0,0,0,0,0,0,0,0,0,0,0,0,0,0,0,0
@j_5_del
$Dim[15,23]
#[j_choice,0]
%0.00230759,0.00319486,0.00641925,0.066457,0.0626471,0.181023,0.0871285,0.112052,0.139822,0.105016,0.0646462,0.0568553,0.020473,0.0166689,0.0273526,0.0264443,0.001548,0.00418486,0.00269531,0.00323424,0,0.00436286,0.00546724
#[j_choice,1]
%0,0.00132774,0.00936969,0.0149755,0.0315022,0.0451598,0.105408,0.0575458,0.222942,0.0952858,0.0980476,0.0968597,0.149511,0.0217829,0.00447588,0.00575983,0.00806835,0.00549008,0.0105384,0.0029313,0.00532292,0.002996,0.0046995
#[j_choice,2]
%0.00220616,0.0137401,0.0614599,0.0221111,0.358149,0.0453062,0.085129,0.0399528,0.200472,0.0227366,0.00877811,0.0305201,0.0395682,0.0065302,0.00536959,0,0,0.00470697,0,0.0209049,0.0130815,0,0.0192779
#[j_choice,3]
%0.00066758,0.00474318,0.0116925,0.0338275,0.0945328,0.0172609,0.0383792,0.025868,0.0828926,0.100353,0.0871685,0.13012,0.162039,0.0355718,0.0375636,0.0091121,0.0076546,0.011808,0.0164171,0,0,0.0719769,0.0203516
#[j_choice,4]
%0,0.00045363,0.0502995,0.0573777,0.0514685,0.065419,0.117627,0.0881765,0.110593,0.151615,0.0840723,0.123566,0.0120413,0.0341681,0.0095944,0.0234651,0.00769133,0.00172219,0.0027904,0.00415516,0.00113114,0,0.00257191
#[j_choice,5]
%5.29796e-05,0.0127272,0.057027,0.0108728,0.0528785,0.00192792,0.033848,0.0222756,0.0257732,0.0936993,0.0710534,0.171664,0.143261,0.0631304,0.158349,0.0280074,0.00555106,0.0128419,0.0172164,0.00561452,0,0.00238368,0.00984579
#[j_choice,6]
%0,0,0,0,0,0,0,0,0,0,0,0,0,0,0,0,0,0,0,0,1,0,0
#[j_choice,7]
%2.05702e-06,0.00974014,0.0391209,0.012159,0.0433554,0.035217,0.0658482,0.0815524,0.115554,0.12451,0.102119,0.089446,0.121592,0.0681239,0.0345176,0.00648771,0.0162071,0.0040808,0.00492643,0.0124421,0.00235088,0.00423174,0.00641597
#[j_choice,8]
%4.16579e-05,0.00208017,0.0135711,0.00698639,0.0799226,0.0913402,0.0801241,0.140103,0.146191,0.121981,0.117007,0.0980553,0.00919201,0.0373657,0.00974817,0.00237243,8.00975e-18,0.000808758,0,0,0,0.039118,0.00399123
#[j_choice,9]
%0,3.47145e-08,0.0241067,0.0227879,0.0511493,0.0832931,0.26089,0.105173,0.148601,0.103293,0.0893788,0.0529017,0.0161174,0.00673288,0.0152886,0.00654601,0.00281453,0.000919179,0.0038831,0.00303131,0,9.52676e-05,0.00299811
#[j_choice,10]
%3.34237e-05,0.00323611,0.0501982,0.104727,0.0520394,0.146563,0.0383806,0.10867,0.0660565,0.067753,0.0493035,0.0819301,0.0829727,0.0337342,0.009429,0.0097494,0.00698009,0.00252376,0.00701992,0.00130479,0.000913345,9.8887e-19,0.0764824
#[j_choice,11]
%0,1.31791e-07,0.0238297,0.00149226,0.00688555,0.0778369,0.213773,0.123894,0.11358,0.299758,0.0606163,0.0335939,0.00102108,0.0171584,0.00615973,8.61645e-26,0.00141758,0.00302714,0.00139515,0,0.00157223,0.011899,0.00108991
#[j_choice,12]
%8.57986e-06,0.00328304,0.0120245,0.0154247,0.176906,0.0834936,0.100091,0.0229836,0.078089,0.0217259,0.00363666,9.40997e-05,0.00142469,0.00963126,0,0.00121886,0.00233934,0.00292153,0,0,0,0,0.464704
#[j_choice,13]
%4.19465e-06,0.00647985,0.025349,0.00142137,0.0675121,0.064413,0.133018,0.238296,0.142442,0.116227,0.0982318,0.0545697,0.00843523,0.0169029,0.00297069,0.000873825,0.00928255,0.00383462,0.00242892,0.0010059,0.00356272,0.00125941,0.00147925
#[j_choice,14]
%0,0,0,0,0,0,0,0,0,0,0,0,0,0,0,0,0,0,0,0.121383,0.00453789,0.451545,0.422534
@vd_ins
$Dim[31]
#
%0.0417967,0.0587075,0.106548,0.131814,0.149085,0.0947098,0.0822472,0.0732439,0.0611466,0.0520262,0.0401538,0.0330392,0.0211866,0.0136775,0.0105455,0.00805173,0.00572689,0.00512086,0.00138687,0.00340791,0.00172828,0.00116096,0.000969649,0.000598718,0.00059299,7.31098e-05,3.7182e-05,0.000522565,0.000334514,8.19377e-07,0.000359484
@vd_dinucl
$Dim[16]
#
%0.271685,0.288558,0.261093,0.178665,0.149473,0.461921,0.20439,0.184217,0.243248,0.199758,0.37542,0.181574,0.201517,0.348825,0.198743,0.250914
@dj_ins
$Dim[31]
#
%0.0733161,0.0511808,0.0958749,0.116282,0.135595,0.118861,0.0868809,0.0705766,0.0545387,0.0434808,0.03271,0.0263356,0.0244336,0.013734,0.0120896,0.0100789,0.00712011,0.00700144,0.00683013,0.00501159,0.00263285,0.000824676,0.000868182,0.000907578,0.000847719,5.25228e-06,0.000375998,0.00059055,0.000403454,0.000296857,0.000315413
@dj_dinucl
$Dim[16]
#
%0.276394,0.173167,0.367377,0.183062,0.225833,0.335093,0.216479,0.222596,0.219204,0.1874,0.436754,0.156642,0.206099,0.262772,0.254874,0.276255
